-2.5685
-0.3040
2.4549
-1.6569
1.5298
-2.3993
-2.6337
-2.0760
-2.3907
-1.6550
3.1354
-3.6123
3.9817
-2.0700
-2.1428
1.5079
3.0732
-2.2347
1.2915
-1.5750
1.5952
-4.0460
1.2286
-2.8805
-1.4021
1.9880
-2.8730
3.9188
0.0482
-3.0253
1.7209
-1.4830
-2.2319
-3.1459
1.2506
-4.3124
-2.0923
-1.5671
-2.8087
-2.2613
1.3863
2.6155
-0.0697
-1.5721
-2.2256
-1.9733
-0.7032
1.0812
3.1022
1.0808
2.7342
-1.5962
3.9242
-3.1465
-1.4222
3.0761
-2.9238
1.9706
-2.8345
-1.0794
-2.3542
-4.9761
1.9579
-0.7759
-1.5481
-2.0920
-2.5432
1.6182
2.3123
-1.9722
-1.9234
0.9288
-1.4043
1.9488
-2.4194
-2.3192
-3.0090
1.1418
1.6792
1.9564
-0.9986
-2.2671
-0.7102
0.7370
-2.3229
-2.0621
-2.0926
1.0548
-2.4900
-2.8032
2.5597
-3.1542
4.9557
-2.6465
0.9456
-1.9078
2.1895
2.5880
2.3557
-1.9168
-4.4351
-1.6500
-2.3235
1.4912
1.6080
2.1393
-1.8964
-1.9587
-2.4352
-3.0344
-4.4616
2.3592
-1.5314
1.4213
1.8598
-2.5135
-2.8201
-1.6007
-2.4040
1.3930
-1.4531
1.7966
1.8576
-2.2200
3.4140
-2.1614
-2.1781
-2.7720
-2.6126
-2.8235
-2.6451
-2.5392
2.1743
1.5555
1.0548
-1.9517
1.5140
-1.6342
-2.0035
-0.9235
0.9944
2.2719
1.7844
-1.0866
-2.6787
-2.2236
-2.9058
0.7222
1.4762
0.3968
-1.7578
-2.7323
2.3574
-1.9364
0.8514
1.7641
-2.6478
-2.0897
-2.1930
-2.3055
-1.5297
-3.2142
-2.0141
-2.2851
-2.0584
-1.2151
-4.4367
1.9334
0.7371
-0.3401
3.6356
-1.3650
-1.7023
2.7758
-3.3609
-1.9796
-1.3918
2.5461
2.2151
1.9021
-2.2553
-2.1680
-2.0105
0.8811
-1.7115
-0.8254
-1.2290
-4.1589
2.0377
1.4989
2.2392
2.4762
4.6135
-2.0231
2.1543
1.9485
-2.0794
1.1725
-1.4180
-1.9955
-1.7485
1.3023
1.0778
-1.8594
1.5682
3.4484
-2.8626
3.7627
-1.6889
-2.1686
-2.3252
-2.2100
-2.8968
-0.8415
-4.3838
-2.7297
2.8823
1.8994
2.4651
-2.0483
-2.8127
2.5245
1.4126
-3.4143
1.1973
0.7600
3.9283
-2.4234
1.7898
2.6784
-1.8051
3.4052
-3.9872
-1.7875
-1.6416
-1.7516
-2.0426
1.8441
-2.1155
1.8112
4.2677
-2.4939
-4.4494
-3.6591
2.3757
-3.0388
-1.4961
2.0322
2.1820
-2.6273
-3.6773
-1.5837
1.0545
-1.2577
1.3885
2.0125
-2.1228
-2.2844
-1.9472
-1.5685
1.1239
-2.2646
1.8272
2.8720
-2.2211
1.9331
2.2152
-1.6280
-0.6546
1.6486
-1.5593
-2.6002
-1.5019
1.6400
1.1316
0.8340
-2.8144
-2.8491
-1.9294
-3.0362
-2.8558
-1.9869
-1.9277
1.8723
-2.2432
1.3566
-2.4312
-2.1294
-1.9735
3.2948
-4.9081
2.1854
0.6723
1.6114
-1.0840
1.4892
4.6194
0.6527
-2.4551
-2.3576
-1.9730
-1.1254
-1.4531
-3.0614
4.0520
-2.3956
2.5851
-2.1337
-2.7685
1.6350
0.9767
2.1173
-2.0170
-2.5852
1.0616
-4.8391
2.8744
2.1857
2.5467
2.2595
4.8083
-2.0510
-2.2550
-2.7848
-2.3050
2.6894
-2.6045
-2.1789
3.7323
0.6982
-4.9967
-2.3785
-1.4773
-2.1788
1.8072
1.1842
1.6551
-2.5667
0.7181
1.8081
0.8195
-3.9212
-1.7582
0.5826
1.4950
-1.8752
-1.8854
-1.8675
-2.5753
-1.3554
-2.3679
3.0421
4.6444
-0.3770
1.2650
2.6305
-4.8988
-1.6862
1.1764
3.1338
-2.5412
2.3953
0.9051
-2.2171
-1.7659
0.4313
1.6136
-2.5671
2.7004
2.6674
-2.4905
1.3656
-1.3270
2.8826
-2.4556
-2.2621
-2.6148
-2.0847
1.6162
2.6473
-2.4351
3.2699
1.3301
1.3942
-1.4556
1.6545
-1.9428
0.8827
2.1677
-1.3193
1.4505
-2.3779
1.4861
-3.1216
-0.2706
-1.4224
1.1771
2.8848
-4.1755
-3.5888
-1.7315
0.8688
-1.5687
-2.0680
-0.5818
1.6058
-1.6530
1.9216
2.3147
-2.1579
-2.0972
-1.9832
1.4822
-1.0459
-2.0483
-2.4911
1.5244
2.1879
1.2279
-2.5069
-2.0542
1.8141
-1.4092
0.8398
-2.9597
1.9236
2.6137
-2.0956
3.9636
3.0734
2.8334
-2.1119
-2.3302
-2.9077
1.5338
-2.2100
1.9502
-4.0355
-1.9304
-2.4741
-0.1677
-1.9426
2.2052
1.7880
1.4030
-2.5771
3.0750
-2.3097
-2.0595
-2.3003
2.5699
-2.0661
2.5730
1.3698
3.2883
-3.2487
-2.1628
1.7605
1.4168
3.0075
-2.8926
2.0715
0.0598
-3.2290
2.1835
-1.3820
-0.4535
-2.7620
0.5548
1.5421
1.6330
-2.5560
1.4069
-2.0110
-1.2040
0.5488
1.4103
2.7104
0.1094
1.8134
-2.2216
0.9875
4.2938
-1.4066
-0.1728
-3.0037
-2.5291
-0.9392
-4.2984
-3.9353
-0.2423
-2.8111
-1.0470
1.0252
-1.9834
-2.8884
1.8121
-2.3306
0.8536
1.5171
2.1766
-2.1044
-0.2505
1.8231
1.6920
-4.8863
-2.6192
1.7375
1.7142
2.6854
-1.0758
1.6830
2.1047
-1.3770
3.9455
-1.8442
-2.1404
1.9483
-2.4799
1.5281
1.2646
1.1670
-2.3914
2.7168
3.5750
-2.3879
-2.2591
-1.7464
-1.7521
1.4684
-2.1955
2.3796
1.6131
-2.5162
-2.5256
-0.3029
0.3668
-1.6810
2.2589
-1.7429
1.8408
1.0379
-1.4472
-1.5411
0.8378
-2.2791
1.4299
-1.3407
-1.8819
2.0390
1.7066
-1.9295
1.9173
1.9366
1.0071
2.6885
-2.1902
-2.2936
-2.5598
-2.4386
2.5395
-1.6540
-2.1272
2.1752
-2.8964
-4.6913
-2.2247
1.3090
2.2821
1.3411
1.1900
-4.4016
1.9146
-2.5405
1.5296
-2.0385
-2.0807
-2.7658
1.6652
1.8036
-3.7000
1.3685
-2.3036
1.7127
-2.1208
-0.7500
2.2429
1.1513
2.0283
3.2195
1.7876
-2.4862
1.3904
1.1372
-1.9118
-2.3532
-2.2326
3.9468
1.3765
2.9266
-2.1595
-1.7234
1.8818
2.2888
0.4931
-1.8699
-2.3908
2.5684
4.0663
-2.9740
-1.9726
2.5404
2.4340
1.3539
-2.0770
0.0100
-2.7610
2.4997
-1.8114
-1.9053
0.9557
-3.5240
0.3545
2.6287
-1.9942
-1.7603
-2.1067
-2.7853
2.0195
-1.8205
2.2884
1.7705
-2.8055
2.0298
-2.2688
-0.6496
1.5277
-2.1072
-2.0655
-1.8412
3.6661
2.0317
-1.6644
-2.5817
2.0358
2.8075
2.1348
1.6600
-1.3182
1.9572
-1.7347
-1.2057
3.1333
3.9213
1.7057
-2.4049
-2.7847
2.5024
2.1100
-4.0500
1.9235
1.3723
1.0541
-2.4858
2.5342
1.9065
-2.8084
-3.1030
-1.7544
2.5355
-3.7501
-2.2941
-1.9520
1.3465
-4.4782
4.1699
2.4100
-2.3478
-2.3253
2.5675
0.8031
-2.8051
1.8344
-2.7159
1.7748
-1.8523
-1.8914
1.4897
-0.2830
1.6901
2.9772
-2.3243
-3.2624
4.2735
1.4967
-2.4589
-1.7558
-3.1214
-2.1023
-1.3887
0.8386
-2.5645
-2.7095
-2.2705
1.3884
1.3622
2.2712
-2.3659
1.3198
2.4135
1.7424
-2.3912
-1.9144
1.8920
0.1075
2.3524
1.3346
3.8375
1.4672
-2.1794
2.4436
-2.4993
-1.4619
-1.9667
2.4622
-2.2345
1.2345
-2.5743
2.9586
1.7348
2.8493
-1.9480
2.0663
1.8600
2.1573
-2.0351
-1.6528
-4.6010
1.0795
0.8450
2.1959
-2.6725
1.3972
2.6137
-2.7367
-2.6880
-0.7494
-2.3007
2.2389
-0.5499
1.5683
-4.9555
-1.8489
1.1530
-1.3782
-1.6633
3.0025
-3.9508
-3.1571
-2.2075
0.4479
1.5520
2.9377
-2.0052
-4.9059
1.8338
-2.6055
1.3428
1.6668
-3.5194
-2.8537
3.4094
-3.5778
4.6543
-3.2767
1.2929
3.6120
-2.7709
-1.9247
3.1562
2.7633
1.4944
-2.1521
-4.9923
2.8050
1.8382
3.1271
0.6632
-2.8472
-2.9343
1.2091
1.9435
-1.1284
1.9823
-2.1665
-1.6247
-2.0924
-2.1146
0.7675
1.9110
1.6427
1.2670
1.6555
-2.7747
4.3479
-2.2927
-2.1937
-2.2691
1.5904
-1.3638
1.5796
1.5711
-3.2179
-2.8117
0.8442
-0.9130
2.1138
-2.8090
2.0809
-2.3369
1.2698
-2.9576
-2.4733
-1.3722
0.9862
-0.3634
-1.6812
-2.4403
-2.1595
1.5395
1.9309
1.8916
-2.2193
-1.7911
3.4443
-2.0009
1.8878
1.8583
-2.6245
0.8223
-2.0594
3.9777
1.9813
-2.7931
-2.2580
3.8056
4.4195
-3.1992
-0.9546
-2.5885
4.5902
2.7066
-1.5634
2.1655
-1.8802
-1.8999
-1.7808
-4.9058
2.1679
3.3828
4.5625
-1.9323
1.4491
-1.8825
-1.5838
-1.3085
2.1977
-1.5704
-3.2389
-1.3790
-1.8604
1.1118
-1.8635
4.5220
-2.3046
1.1961
1.3751
-3.5900
2.8979
-1.3618
2.7984
-2.7313
2.1152
-2.5817
4.9938
-2.4824
-2.5418
-2.4734
-1.1776
-1.9145
1.4535
-2.9674
3.7139
1.2832
-2.0567
-4.3545
0.4550
2.1539
-2.2769
2.6977
-2.4794
1.7726
1.5206
1.4955
2.7517
-0.6756
3.1352
1.3278
-2.1392
-2.1064
2.9560
-2.2703
-2.7136
4.7880
0.9112
1.7438
0.9055
-2.0177
0.5498
1.5527
1.5786
-2.7170
1.8156
-2.4247
-2.1498
0.9259
-4.2453
2.5261
-2.2713
2.6408
1.4887
-2.1987
2.3073
1.6642
2.1418
-1.7730
1.3846
1.2478
-2.9481
-2.2834
-1.6872
-3.0435
1.8646
-1.4361
-1.4104
-2.3853
4.7392
-1.9026
2.5082
-2.4522
-2.6626
2.8708
-1.4900
-2.3819
1.7052
1.6765
1.4630
-2.2526
3.0079
-3.4437
-1.3831
-1.4392
-4.8975
-2.6792
-4.7434
1.7397
-2.2652
-1.5651
2.7585
-3.0117
-1.3390
-1.9987
1.5746
-4.9842
1.9251
2.0448
-1.4378
2.2301
-1.9938
2.0232
0.6443
-1.7717
-3.8227
0.0033
0.9736
-3.9121
-1.9664
4.3849
-2.0913
-2.4673
1.1821
1.9298
2.4312
-4.2453
-1.4274
1.5428
-3.6183
1.7842
-2.7769
2.1754
-2.5313
-0.4465
-2.2065
1.2262
-1.1828
-2.1695
-2.4519
-3.0170
-1.9134
-2.2909
2.4772
-3.0399
0.8027
1.9029
-1.8382
1.3757
2.6413
-2.1529
2.7007
-2.6430
-1.9747
-2.2891
2.4322
3.2672
-3.0608
3.6745
2.3179
0.9786
-1.3019
1.3603
-2.5735
1.4925
-2.5703
-2.2834
-2.3170
-1.8446
1.7844
1.1576
1.7497
-1.3171
-2.2834
-2.4369
-0.4104
-3.1682
1.0181
1.1442
-1.9420
-2.4174
1.5962
1.7365
1.8769
-2.4042
1.7609
0.9267
3.6804
-2.8555
-2.2205
-2.8523
2.5189
-1.4833
2.6644
1.5306
-3.7978
-2.8875
4.5106
0.6519
-2.1492
-1.2184
1.5927
1.1094
-2.4301
-1.5852
-1.9062
2.3873
1.1540
-2.1960
-4.7029
3.7597
-1.7786
1.4593
-3.1566
-1.9468
-1.8147
-1.2039
1.6691
-2.1727
1.1173
-2.5075
-0.0115
4.5444
-1.3956
-2.0202
-1.4839
0.7436
-3.8604
1.3795
-4.1454
-3.1045
-2.1345
-1.3324
-2.1832
3.0885
-1.1922
2.1451
2.2749
-2.4157
0.9154
0.9814
2.5439
-2.8149
2.0445
-2.0550
3.3445
-1.2512
2.1790
-0.7587
2.5428
0.4339
-1.8162
1.3870
-2.4051
0.6813
2.6541
-2.2698
-1.5884
-2.3678
-1.6616
1.1341
0.9429
-1.8697
-2.3079
-3.3381
-2.8116
-1.2778
1.5535
-3.0087
-2.2734
-1.5172
-1.0780
2.0169
2.3000
1.3539
1.4885
0.9775
-2.6410
1.9805
-2.1513
0.9117
-1.7110
-2.4331
2.9036
-2.3872
-0.8054
2.4822
-2.3736
-1.3307
-1.5949
1.7188
2.0806
2.1446
-2.1233
4.9824
0.3541
-2.3496
2.1067
1.5905
1.3661
0.4019
1.7990
2.0133
1.3117
-2.0588
2.1115
-2.5890
-1.7372
1.0323
-1.8397
4.3774
0.6765
1.3824
2.7565
-2.9896
2.1587
-1.4993
-2.2057
-1.6767
2.2839
2.1354
1.7856
-3.1150
2.8807
2.6170
-0.0152
-2.1653
-1.9806
2.5562
2.4772
4.4444
2.0089
-2.3664
-1.7145
-2.1241
-2.6748
-1.7927
1.9981
-2.9627
1.9394
2.6714
2.2864
-2.4308
-1.6170
3.4806
-3.0048
-2.6466
-1.7235
0.4826
-1.1844
-1.9191
1.6537
-2.5614
-0.6616
-2.9542
-1.8774
2.9609
1.9148
2.1275
-2.8154
-2.1977
-2.2050
-3.7442
-1.7210
-2.9249
1.7738
2.5948
-1.8530
-2.8574
2.9654
-1.6946
-1.6104
3.7496
0.1469
1.0242
4.3555
0.6076
-2.1447
-2.5826
1.3148
0.8267
1.4259
-2.8431
2.3994
-2.7900
-2.5793
1.4310
-2.6336
-2.4038
-4.4180
-2.1413
0.7638
4.4083
3.1736
1.3091
3.6120
-1.8640
1.9175
1.5761
-3.4906
2.1595
0.0466
-4.3422
2.4469
-2.0909
0.4000
2.2980
3.4759
0.5698
-2.2183
2.8332
1.7740
-1.9747
-2.1144
-1.7867
-2.3796
2.0601
-1.9935
-2.7262
0.9822
-2.8462
2.3766
1.5952
-1.4187
-2.5011
3.9224
2.1345
1.4758
-1.7259
-1.8462
-2.1259
2.3920
-1.3579
-1.9878
-2.5612
4.8853
-2.0746
-2.2272
-1.7790
-1.5337
2.5327
-2.3484
4.8394
-2.1686
4.4901
1.0960
-2.2943
4.3991
-3.0327
1.0850
-1.9755
1.3026
1.7935
0.3258
-2.7197
2.1956
3.0070
1.5447
-1.0213
1.0839
2.4462
-1.7018
-0.2403
2.8374
2.3496
-3.1597
3.5888
-1.6783
4.7117
-2.5487
2.2474
-2.8681
3.0555
-1.7594
2.6586
-2.2050
-2.9721
-2.2592
2.4716
-2.0292
0.4148
-1.7091
-1.9872
3.4893
1.0703
1.8303
2.5255
-2.5927
-1.7836
2.0704
-1.9404
1.5751
-2.1237
4.7290
-1.9022
0.7553
-1.4096
3.8961
-2.8322
1.2699
-0.9539
1.3333
-3.2291
2.1918
-2.7658
1.5245
-3.6096
-3.7039
2.1603
1.8570
1.4453
-1.4106
-3.1011
0.3962
2.6708
-4.5525
2.5379
-3.9101
-2.2238
1.5265
-4.3644
1.4910
4.1275
2.0215
2.4955
-1.7018
1.3315
2.8672
-1.1252
-1.9575
-2.6687
-2.0266
2.5994
-1.5317
-0.7019
1.7340
1.3513
1.4599
-2.4816
-3.5225
-1.3585
-4.4812
2.4691
1.6812
3.7987
2.4211
-2.4681
-1.5752
-1.5430
4.2850
1.5225
-1.9830
2.2297
3.6604
-0.0358
1.2547
-3.0240
-1.6329
1.3929
1.1758
2.4168
-2.3557
-2.3107
-4.6256
1.1066
2.6003
2.6543
3.1581
-2.5905
2.4194
-2.2328
-3.4068
2.7381
-1.9601
-2.5215
-1.4895
-2.8860
2.7715
1.2557
-2.1000
3.4005
3.6104
-2.5017
4.8411
2.4431
-2.2521
2.3878
-1.7045
-0.6961
2.2447
-3.1590
-1.7241
-1.8650
-1.6170
-2.6618
-0.3936
0.9568
1.6631
-2.1298
-2.4640
1.2207
1.9937
-4.7804
-2.4972
2.3025
-2.8370
-1.8214
-1.7946
-1.7546
-2.4900
2.4473
1.9499
-1.3114
2.1280
-2.1911
-3.4479
-2.2702
-1.8113
-1.6948
-1.5725
2.2498
1.5679
-1.7767
1.5495
-1.8833
-2.4246
4.6607
4.0684
-2.4119
3.1427
2.5590
0.8368
1.5415
4.2495
1.8158
4.6576
-2.1856
-1.0735
-1.9931
-0.1077
1.1611
1.7266
1.7832
-0.7654
-2.4779
1.8313
-1.3727
-3.8628
2.2670
1.8954
-2.3874
1.2712
-4.7345
2.2793
1.6004
2.2068
-1.5424
-1.7720
1.5014
-2.0850
-1.6546
-3.1120
-2.6739
-2.1727
-2.7812
-1.3509
2.5862
3.3347
1.4351
2.7790
1.7591
1.2664
-1.5532
0.6469
-2.3213
-3.1541
3.7829
-2.6247
3.7839
-1.5289
2.7641
1.9134
2.0502
2.0966
-2.2416
1.2872
-1.7523
-3.4632
4.8644
-2.3521
-1.6971
2.0402
-0.0544
-2.0053
-0.2347
-2.0453
0.5102
-1.6221
-1.5194
-4.0394
-0.1093
-0.3671
-2.9160
-2.5798
-1.6695
-1.1526
-4.6034
2.7796
1.5659
-3.0588
-4.6044
-2.9614
-4.8743
1.1193
-2.8044
4.3623
-0.0226
2.8652
-2.4825
-2.6901
-2.7389
0.0726
1.8171
-2.2475
1.4861
0.5253
-2.7232
1.4397
-2.5676
1.2956
1.5853
-2.8523
-2.0730
4.5859
3.1121
-0.6902
0.8628
1.6255
1.6833
4.9332
1.0295
2.1130
-2.1383
3.3428
-1.5021
1.8473
-1.9404
3.1581
1.9350
2.3307
-2.2555
2.2529
-1.7100
-2.1123
-2.3577
-3.3000
1.7528
3.0281
-2.6682
-1.5079
1.8749
0.8470
-2.4721
-2.2589
2.0030
1.8242
2.5251
1.3190
-2.5414
-1.9673
2.6824
-2.5517
2.6441
2.6693
2.7627
-1.0718
-2.7871
-3.0606
1.1510
-2.4076
-1.9676
-2.4995
-1.6169
-2.0627
1.0103
2.5837
0.5065
-2.2634
-4.2783
-1.4878
-2.4364
-0.0581
-2.1108
-2.0278
-2.6410
-2.1666
-2.1549
3.8008
-4.0685
-2.7059
-1.4832
-1.2213
-2.4196
1.5905
-2.3910
-1.1924
-1.5246
3.6757
1.0529
-2.1785
-0.1144
4.9013
1.8135
-2.4683
-2.0259
-2.1988
-1.5967
-4.5826
-2.2923
-1.6575
0.5484
-1.5566
-0.3762
4.2729
0.2999
1.8530
-3.0738
-1.6297
2.5542
-3.0785
1.3962
-1.1876
-1.9446
3.0288
-2.3098
-2.0257
2.6891
-2.1003
0.8669
2.1592
-3.8526
2.3697
1.4499
-2.4541
0.6886
2.8991
-2.3748
-4.9014
-2.4823
2.3122
2.1354
2.4369
-2.2804
2.2475
-1.6845
-2.4032
1.7162
-0.4595
-1.9415
-3.0200
1.7793
-2.1498
1.2127
-1.9859
0.7339
1.8657
0.6405
-2.3276
-2.7357
-1.2307
-2.1490
-2.6871
1.4174
-2.2011
-2.2188
0.6653
2.2903
-1.1575
-1.5733
-2.1959
-1.3759
-2.4707
3.2968
1.0167
1.6252
0.5814
-2.0212
-3.3142
1.3490
1.5181
1.7460
-1.4998
-0.8005
1.3599
-2.0610
-2.0501
-2.3736
-1.8156
-2.5659
2.4094
0.9801
3.1845
4.0311
1.2221
-1.2246
-3.0378
-2.0669
1.7809
-1.8529
2.1446
1.5839
-2.6261
-1.9986
-1.8690
1.5922
2.4280
2.7390
-2.0085
-3.0977
-3.0322
1.9340
-2.5319
-1.8405
-3.4335
-2.0316
1.2350
1.7602
1.8390
-2.3209
1.9593
1.1523
4.7276
0.9610
-1.7122
-3.6664
2.0056
0.8224
-2.0107
-1.0151
4.1794
-3.3006
-2.2196
-1.6445
-1.0725
2.5650
2.0691
-2.5252
3.7733
2.1865
2.5355
-2.1595
0.6134
3.5772
0.0599
-1.8803
1.6804
0.8390
2.4570
-2.3790
-4.1632
-1.7509
-1.5238
4.8211
1.6479
-3.3051
-4.8869
-2.3055
-0.2772
-0.4245
1.2054
-1.8782
-1.6994
-3.2338
-1.8088
1.4344
2.0458
2.7798
-2.4779
1.4233
-4.0843
-2.4806
3.0977
0.8694
-1.6826
-2.3437
1.3870
-2.6222
2.0094
-2.1360
-0.7579
-2.0389
-1.7192
-3.6215
-1.6061
-2.5499
-1.5315
-1.7308
-1.0633
-3.0233
1.4547
-3.0211
-0.8172
-1.0158
2.2617
2.2771
3.2144
1.9660
-2.3891
-3.2011
-3.8338
-3.2548
-4.5458
1.4994
1.4705
-1.9708
3.3863
-0.5659
-3.3710
-1.9046
-2.3107
-1.5199
0.8983
1.0801
0.8729
1.8602
1.3206
-2.2223
-3.6892
-2.8072
1.1880
2.0620
0.5894
1.8502
2.0432
1.9253
-3.8394
-2.7988
2.4285
-1.5297
-1.8128
-0.2117
-2.1922
-2.4613
-2.5953
-2.1223
-3.2584
-2.1320
-1.5748
1.8858
1.6434
2.8083
2.2970
4.8715
1.8514
3.8200
-3.1839
3.3166
1.7477
-4.1284
-1.5361
-2.0526
3.5395
1.9262
0.4155
-2.4128
-1.2715
-0.7570
-2.2111
-2.4796
1.7211
-0.5451
-2.1941
-2.0716
-2.3213
2.6473
3.1276
-1.7805
2.2524
1.0581
-0.2990
-1.1340
2.8336
-3.2784
1.4026
1.4853
-2.0074
-2.5708
0.9712
-2.3853
2.3478
0.9120
-3.1879
-1.9531
0.8497
2.5585
-1.2466
-2.7610
2.4567
-2.4528
-1.7332
2.4177
-1.8747
-2.1427
-2.1761
1.3835
-2.7302
2.6601
2.1915
-2.6027
-2.6894
-2.3208
-2.2870
1.8682
-2.3309
-3.1640
-2.5134
-2.7004
1.6929
2.5837
-2.5243
1.3328
-1.1751
1.6917
2.1940
-1.3257
1.6158
2.5157
-2.4593
-3.8939
-2.4771
1.7662
1.7690
-1.6954
-1.7412
-1.8885
2.7580
-2.2245
-3.3049
-2.6592
-2.5656
-1.5535
1.4898
-2.4125
-3.0327
-0.3626
-3.5779
1.9027
2.2472
-0.7420
-1.7395
-2.6402
0.8887
0.9896
-2.3745
-2.8053
-2.2247
2.6292
-2.5599
3.2021
1.4697
-2.6278
2.2233
-1.8211
-2.5022
2.4071
-3.3867
2.0547
4.6992
0.0007
-1.6779
-2.3623
-0.8020
1.7488
2.4380
2.7062
-2.3765
-3.2645
-1.5935
-1.8083
-2.2407
-2.6017
2.6151
-1.7116
-3.3458
-2.1655
-2.6247
2.3940
4.4265
-1.8326
0.9689
1.3403
3.4284
1.7848
4.6374
-3.5755
-2.1245
1.4370
-1.6927
2.3797
3.1611
-3.3929
-2.7394
1.3326
-2.4288
2.9481
0.3224
1.8281
2.0697
-4.0725
-1.6177
-2.6525
-4.0083
3.5195
-2.4578
-2.3532
2.0928
2.7237
-2.0036
1.8050
1.8062
0.4806
0.2524
-3.4294
0.8591
-2.1100
1.9687
-1.8373
-2.6453
-1.3951
-0.2820
1.7121
1.7091
-3.1514
-2.5521
-4.7468
2.6349
-2.6384
0.8813
0.9844
-1.3333
4.9966
-2.2699
0.5812
2.3227
-0.5085
-2.8683
2.5534
-2.5964
-2.1662
2.0720
2.2116
-2.7216
2.0064
1.0599
-1.9747
-3.1824
-2.1221
2.0302
1.5605
-0.4249
0.8479
1.7205
-1.0353
-2.4447
1.8655
-2.4901
0.6172
-1.1259
-2.5748
-1.7587
-2.2935
-0.4193
-2.8803
0.7922
-1.3373
2.3053
-1.2266
2.4682
-1.7355
2.6950
-2.6586
-3.1683
2.4995
-1.3193
1.0211
-2.1502
1.3512
-2.6060
3.7398
1.3621
3.2123
2.5394
-2.6791
1.9997
-2.3346
2.2696
-1.6782
-2.4106
-1.9481
-0.5403
-2.1643
2.3327
-1.8940
1.4907
0.6098
-1.5344
-2.2914
-3.1657
1.5099
0.7811
-4.7849
2.0617
1.5305
1.9295
-2.1725
-2.5793
-1.5510
-2.4164
1.4589
2.5587
1.7339
1.7418
-3.9096
-2.8665
3.0767
-2.3490
-2.4631
-1.7777
-3.9443
1.7249
0.4494
1.2839
1.4534
1.5410
-2.1601
-1.7760
-1.9535
0.7494
-2.0823
-1.7761
2.2978
-1.9935
0.1284
-3.1259
-2.5942
-1.6311
1.2676
1.4446
-1.6385
1.4165
-2.4099
-3.0758
1.8125
-0.6472
0.2948
-0.0199
-1.2770
4.8390
4.5045
-4.9270
1.7026
-0.4010
2.2989
1.6187
-2.2698
-2.7976
-1.8658
-2.9142
-1.5686
1.2881
-2.4033
1.9993
1.7121
0.4381
1.7729
-1.1519
2.3269
2.0806
-1.2879
-1.0701
2.4560
2.7439
-1.1197
-2.0086
-0.0050
1.1892
1.9490
-2.8848
-1.9760
1.7611
-2.2668
-1.9153
1.4933
-2.2546
-1.5496
-2.5143
-1.4930
-2.3933
-2.4318
2.3708
-4.0250
-3.1309
-3.2612
-3.2155
3.5518
2.0059
-2.6658
-2.9577
2.1242
-1.8634
-2.2460
-3.0631
0.0953
-1.4886
1.6717
0.0374
0.6374
-1.2479
-1.6781
-0.0448
1.1210
-2.6808
-2.6301
1.3592
-1.7357
-2.7590
1.6673
1.3132
-2.6006
2.4991
-1.7764
-2.3267
-0.8948
-3.3432
2.2969
-2.5340
-3.2339
-2.6269
1.5838
2.1205
2.1205
-3.1077
-2.6851
-2.9451
1.1435
1.2095
1.5969
-2.1720
0.8011
1.3113
2.8300
-2.0028
-2.0878
0.9375
1.3376
1.5140
2.2196
-0.0204
-1.8834
2.8889
-1.8717
-2.0594
-1.9466
-2.2287
1.0335
0.6238
-2.3372
-2.5697
1.9587
-2.2149
4.3057
1.8979
0.8906
-4.7720
2.0590
-2.1325
-2.0178
1.4010
-2.6200
1.1178
-0.0061
-0.8198
-1.4893
1.7698
-2.7109
1.9130
-1.5383
4.0215
1.7933
2.0844
-2.0506
-1.7056
1.2792
0.2714
-0.9781
-2.6815
-1.9671
-2.6073
-3.1202
-2.2885
-1.7522
-1.5326
4.6905
4.0483
2.4302
1.7446
3.8047
-3.0208
1.9192
-2.4057
-2.1830
1.5485
-2.6567
1.2239
-2.6064
-2.0385
-1.9549
2.7607
-2.2780
1.9652
-0.5763
-1.7270
-2.0245
1.5447
2.3836
2.8274
-2.6938
-1.1914
1.2077
-0.5553
-1.6156
-4.6586
-1.9687
2.9360
2.1806
-2.4805
1.2218
-1.9579
-1.3878
-2.4387
-2.7796
2.2509
4.7029
-2.2311
2.1384
-1.9174
2.2592
1.9734
0.0392
-2.7101
-2.9027
-1.1867
-3.0089
1.9624
0.7522
0.8743
-3.0141
-1.6406
2.1859
4.7390
2.3537
-2.8527
-2.9646
-2.7279
0.7604
-3.2353
-0.3510
1.0745
-4.3131
-2.1864
-2.2309
1.6549
1.7698
-1.5409
2.0908
2.7308
1.1352
-1.5726
-2.7472
-3.7246
1.8149
1.2786
0.1846
2.8302
-2.6991
-2.1439
2.9882
-4.0467
-1.5896
-2.7513
2.5443
3.3656
1.2044
-2.9339
2.3510
3.2761
1.3154
1.5207
1.7836
1.3185
4.3662
0.8500
1.5820
-2.3550
-1.1035
-2.7658
1.2210
-2.7328
-0.8489
-2.1839
1.7376
4.6312
1.6157
-1.8099
1.3312
-2.3520
2.8875
-2.0081
2.0435
-2.1343
-0.7565
-4.5317
1.6351
3.1773
-1.9079
2.0632
1.3936
-2.3713
-1.7264
1.3019
2.6395
-1.8673
3.5247
0.1668
-2.6469
1.4210
-1.3059
-2.7757
1.4842
-0.0472
2.4052
2.3451
1.9425
4.2692
2.1994
-2.6605
2.8394
-1.8938
-2.3858
-2.1013
1.8744
-2.1479
-1.5326
4.6708
-1.2555
-2.5609
-2.1696
2.5585
1.3257
-2.2790
3.1285
1.7432
-2.9815
-0.5845
-2.2007
-2.1359
4.0758
1.2210
-2.4390
-3.3310
-2.0740
1.1093
-2.7079
1.6361
-2.0318
1.4881
-2.0349
0.9700
1.8592
-2.8412
3.1697
-3.0784
2.7781
2.1109
0.9721
1.6564
-1.6605
-1.7220
1.2407
-1.5385
-2.0929
-2.2274
2.8554
3.9606
-2.2571
0.9706
-1.8369
-1.8718
1.1927
1.9895
-1.6757
2.1680
-3.2303
3.1502
0.3334
1.7249
-1.0321
0.5271
0.4004
1.0067
-2.0635
-1.8365
-2.5230
1.2992
-2.9429
1.5328
0.5573
4.4066
-1.3147
-1.8746
-2.0208
-1.0263
-0.0015
1.5539
-0.1598
1.8094
1.2013
-3.1318
2.2049
-4.9598
-4.8716
-1.9285
0.7106
4.0852
-0.1637
-2.2321
1.6946
2.7744
0.9500
-2.8477
0.8781
-2.2643
1.0288
-2.1786
2.8318
1.2959
-1.5199
1.4590
2.3310
-2.0016
-2.5304
4.4883
-2.4766
0.0164
-2.3808
-2.3095
1.8762
-1.5829
-1.8014
3.3797
1.1473
-1.5409
2.5906
0.3236
-1.7967
1.0668
4.6443
-2.3569
2.3150
2.3092
-1.9508
-1.2298
-4.7846
-1.8678
-2.8353
-0.8490
1.2991
0.2495
-3.3988
-2.4408
1.4290
-1.9637
3.4161
-1.8068
1.4627
-2.6160
1.9470
-2.1492
-1.8189
2.2815
2.9160
-1.7460
-2.5490
1.7124
-1.9888
-2.4156
1.7847
1.0694
1.9949
-1.5355
2.4719
-2.5532
-1.9626
-1.8200
1.0109
-2.6253
-2.2424
-2.5969
3.6455
-2.1010
-1.1287
1.5196
2.0571
-1.9756
-1.8935
1.0673
-1.8539
-2.2637
-0.9240
-4.6156
1.3705
-4.3104
-2.8114
-1.6688
-2.3959
1.7667
-2.2719
-2.0994
-2.5924
-4.2091
1.5238
-2.7324
-3.0759
0.8914
-4.8142
-2.6256
0.6894
4.1031
-2.1351
2.1451
1.6819
-1.8329
-2.6914
1.6671
1.2227
2.6622
0.6715
2.7179
-2.2419
-2.5180
-2.4563
-2.7392
0.5160
2.2674
2.5750
2.2357
-1.3644
1.6546
0.7655
4.0297
1.5651
-2.3607
3.5675
2.3507
1.6467
-2.0162
2.0529
1.8615
-2.2145
0.6687
1.7779
-0.6317
-1.8025
4.1943
1.8904
-2.6872
-3.4607
-1.7406
-2.6670
1.8423
1.7122
1.4468
-3.9701
2.8005
2.2755
-2.0073
1.4286
-2.2645
3.4162
-2.5352
0.6204
2.7483
2.8906
-4.0394
-2.4657
-2.0970
2.2792
2.4021
4.7914
3.0294
-0.9035
-2.3176
1.9232
-1.9975
0.9881
-1.3359
0.4502
1.9085
1.4713
-2.4846
-3.0765
-2.8843
-2.7072
2.1246
2.0893
-1.7358
-2.1368
-2.0959
1.5527
1.7126
0.3665
-2.2556
1.2264
-2.7132
2.7721
-2.5687
-1.8771
-2.4045
0.8918
-0.6174
2.1776
0.7009
1.4588
-2.5348
1.1622
-3.4174
-3.2965
-1.9663
-2.7064
1.8700
-3.6011
-3.2482
-2.6572
-2.7212
-3.8199
-2.6321
-2.1915
1.6002
-1.6548
-2.8820
2.0656
-0.9112
1.5274
1.2227
-2.9014
0.7044
0.8072
-0.7906
-2.9689
2.8401
-2.2159
0.6485
1.3623
2.7062
3.6009
1.4259
-3.5175
0.7179
-4.0914
0.6182
2.5902
-0.9085
-1.0595
1.9273
-2.1069
1.4081
-2.1670
-2.5712
2.2840
1.5503
0.6531
1.1523
2.5689
1.1215
-2.5695
-2.7018
2.6774
1.6355
1.8028
-2.8917
-1.9060
2.1003
-2.9059
1.5544
-2.1883
3.2835
-2.4072
-2.8021
0.8434
1.7393
2.4402
2.3974
-1.6907
-2.3130
-2.5475
-1.2805
2.9224
3.6892
-0.0706
3.7181
2.7508
-1.7252
-1.4791
0.0146
-2.5217
2.5051
0.7906
1.3576
-2.2580
1.4689
-1.9389
-2.5667
-2.6121
-3.7832
2.4370
-2.2371
2.5049
-1.8315
1.6032
0.5956
-2.3554
-2.0423
-2.9728
4.0203
-1.6699
-1.8181
-4.3576
-2.3834
-2.9625
-1.7503
2.2483
-1.2282
0.2965
2.0888
2.2471
1.9449
1.3839
0.7381
-0.9389
0.8846
-1.4752
2.2978
-2.5357
-2.5351
-2.5941
-0.4163
-1.9612
1.8696
1.8897
1.0891
4.0657
2.6369
-2.1344
2.4508
2.4591
-2.0216
-1.5087
-2.2130
-0.9402
-3.1101
-2.1297
2.4270
1.2426
1.1504
1.3304
1.2688
2.9460
0.3747
-2.5234
1.3192
-2.1169
-2.6838
-1.5648
-2.1182
1.2837
-1.0416
-2.9350
-2.5697
4.3062
-2.7911
2.0510
-4.6032
1.0395
2.8360
-1.7120
2.1775
-3.7849
-3.8735
1.8692
-2.3006
1.2123
-2.4522
-1.4367
-4.7369
3.9426
0.5326
-1.3425
1.3245
4.2699
-2.5029
-2.5019
1.4879
0.6132
-1.8456
1.1221
-2.6864
-2.2944
1.4771
-1.1224
1.6759
1.7552
-2.6806
-1.0390
2.0208
-2.2902
0.8701
2.5269
0.8681
-2.1955
-3.3493
1.9910
1.5083
-1.3393
-1.4041
0.2586
-2.2837
0.8864
-1.9192
-1.8726
-3.4703
1.6006
-3.1594
1.7646
-2.9333
-1.4920
-0.3609
-2.7610
-2.4474
2.0519
-1.8667
3.5893
-4.6901
1.8449
3.4257
1.4910
-2.0790
0.9679
4.6355
-2.3390
-4.0317
-2.4378
1.5373
-1.5295
-2.2158
-1.9266
-0.9478
-1.7383
-1.9521
1.7047
-2.1812
1.6013
2.2038
-2.5391
2.9897
-1.5728
-3.5537
1.8994
1.0761
-2.2474
3.3159
2.1217
-1.2230
-1.7275
1.6216
0.4816
1.9974
2.4240
1.6022
-3.0791
-2.0758
-3.0978
1.8365
1.0968
-2.6047
-2.5488
-1.9230
1.1586
-2.4909
-2.7877
3.1059
2.0747
1.4718
1.8994
-1.3047
-2.1474
4.9946
4.6475
-1.7020
2.5563
-2.2830
-4.9065
0.6820
0.6530
0.7127
-1.8098
1.3178
-1.8575
0.1784
-2.6604
2.2574
-2.3516
-2.8835
1.5287
0.4557
-1.6255
-0.9410
0.6327
-2.0912
-2.2186
1.3217
2.1253
-2.6339
-1.7059
-0.2797
1.5858
-2.2129
-0.9234
-0.8840
-2.2778
-2.2009
-2.4605
-2.1184
-2.6974
1.1672
-2.3812
1.8582
0.7715
-3.1988
1.0484
2.1021
-1.8868
-1.5549
-1.9266
-4.8575
2.2540
1.9058
1.5536
-2.0415
-1.7271
-1.8330
1.4803
4.7081
-2.3867
-2.7516
-3.9545
1.6317
-2.2667
-1.4431
-2.4949
-1.6481
-1.3545
-3.1948
-1.2175
-0.4449
4.7734
-3.3200
-3.6730
2.3541
-1.1197
-2.0114
-2.3800
2.1449
1.7052
-2.4001
2.0669
2.4489
-2.6825
-1.7544
-2.1998
0.9515
0.4103
0.9776
-4.7973
1.0007
-2.8516
-1.5630
0.6148
1.8192
4.0418
-2.9723
0.6590
-2.8724
4.1003
-2.9554
-3.1713
1.3323
-1.6410
-3.2718
2.7297
2.0907
0.3318
-2.8197
-2.3161
-3.1122
1.4968
0.7355
2.0848
1.8305
-2.0785
0.3593
2.6951
2.7518
-1.5207
2.4011
3.0543
2.8295
1.6667
-3.5841
1.9808
-0.9012
-2.0429
-2.0700
1.4275
-1.8187
2.5454
-1.8060
-1.5996
0.3773
-1.7834
1.8923
2.2943
-2.1021
-2.6339
-2.3899
-3.0256
-3.1221
2.0974
0.6532
2.5269
1.6185
2.1251
-1.4656
1.8397
-2.2735
2.5787
-1.6640
1.9433
-2.0995
-4.1262
-2.8659
-4.6415
1.2242
-2.3198
-0.3187
2.3674
1.0446
0.7839
0.8297
-2.5920
-3.6990
0.2717
-2.9625
2.5643
3.8199
-2.3913
-1.4153
-2.1741
-1.0232
-3.0997
1.6674
-1.7709
0.5730
-2.7622
-1.8420
-4.1852
-2.0661
3.2697
3.0077
1.9871
1.1102
1.4741
-4.6905
-2.6542
-2.1936
-2.2846
-4.3942
-4.0042
1.0756
-1.6873
-2.3180
-2.8379
1.6335
1.6324
-2.5469
-1.6875
1.2827
-2.5996
-1.4144
-2.4113
-2.3119
2.1788
-2.6943
-2.1693
2.3582
1.6644
2.6667
-1.8936
-2.1410
0.8979
1.4202
-3.0950
1.6305
0.5319
-2.3169
2.0051
2.2567
-2.3159
4.8616
-3.4386
2.4949
-1.7024
-2.7476
1.8522
0.9714
1.8160
1.7263
-2.1848
-2.7580
-2.2227
0.7752
-1.8954
0.5223
-2.2032
3.4511
3.0415
-1.6352
-2.1314
-2.3248
0.5479
-2.4944
-2.1302
1.3094
-2.1759
-1.7713
2.5571
1.4399
-2.0350
-3.3308
1.8131
-2.9160
-2.2555
-3.6060
-2.8900
0.1254
-2.1134
-0.9207
1.6412
-1.6280
3.7069
-1.6677
3.4157
2.0733
-2.1143
1.2635
4.3285
2.4061
-3.2214
-4.7389
-2.4039
-2.6910
-2.5918
-2.1913
1.4622
-2.5999
1.6581
1.5561
-1.6506
0.7611
-2.2527
-1.8122
-1.6329
-2.1625
-1.4759
0.6817
3.0144
-2.6250
-1.9449
-2.2340
1.6301
0.1715
1.4889
-2.3881
-1.8290
4.0576
2.9279
2.3628
2.6844
-4.0368
-2.1276
1.1288
-1.5557
-4.6217
1.6392
1.0027
-2.2393
-1.3117
-2.0113
2.7021
-4.4406
2.1451
-0.6751
1.4413
2.0762
2.5543
-1.9855
-2.6016
-1.2790
4.4481
-2.6538
2.4563
1.6888
-2.4187
-1.0017
1.7580
-2.5435
-4.3472
1.6810
-2.3593
1.2043
1.7571
2.8022
-2.1074
3.7163
1.8617
4.6414
-2.2910
3.7710
-2.1688
1.3922
-2.7488
-2.5251
-1.9952
-2.1059
4.1166
2.7147
-2.0879
-3.1954
2.5012
0.9220
-1.6811
3.6531
-2.0041
-1.6259
1.0523
2.8872
-2.1997
2.2051
-2.6542
1.5431
-2.7830
-2.1577
-2.3972
-3.4275
-0.3102
1.1180
1.0770
2.1159
1.7100
3.2898
-3.1092
-2.1816
2.4054
-0.6942
-2.3759
1.0697
1.6077
-1.4530
-2.1675
-2.7108
-4.8870
2.1278
2.5836
-1.9038
-2.2349
-2.8711
1.6796
-2.1153
-3.1892
-2.7486
2.7782
1.8593
-1.9721
-4.2865
-2.4368
2.7140
3.1909
2.1769
-2.1394
-2.0709
-2.0741
-4.6450
-1.6931
1.0753
-2.6337
1.6455
1.6998
1.7517
1.8482
-3.5108
4.5836
1.7101
1.8598
2.0780
-1.8893
-0.5298
1.1673
-1.3760
-0.1046
2.2336
-1.6819
-4.0857
1.9144
-2.1123
2.4595
-2.9423
-2.0927
-2.2641
-2.3485
1.9538
-3.4174
0.4288
1.7241
2.3718
-2.1794
-2.2358
2.8779
1.7383
-2.8372
2.7224
1.4087
2.2445
-2.4027
4.9112
-1.8097
2.9516
-0.0196
-1.5129
-2.4359
-1.4712
-2.8741
1.1027
-2.2858
-2.9225
4.8829
1.5253
3.0318
0.0404
2.0162
-2.4452
1.3880
-2.4710
0.4724
-1.8129
-2.0262
-2.1434
1.5856
2.8126
1.6635
-4.3479
1.9984
1.7146
-2.7805
1.4728
3.8664
0.8658
-2.4574
1.3655
1.5113
-2.1873
-2.9891
1.1368
-1.8783
-2.7185
-2.2758
-2.8340
-3.1869
1.0534
1.8149
3.2492
-1.7959
-2.5175
-2.0464
-1.5171
-2.3680
1.4354
2.6421
-2.3932
2.8826
1.6725
-2.2709
-2.6697
-1.6537
1.7349
-2.8262
4.8153
-1.6943
1.6869
1.7655
1.0313
1.4802
-1.5322
1.2202
3.6785
-4.0369
2.6647
4.9742
-1.8516
2.6360
-2.2114
1.8154
-1.7398
-2.6206
-2.0236
-2.6407
3.2044
2.5228
1.9073
2.0896
-2.0656
1.0484
-2.1036
-1.5103
-2.3400
-2.5082
1.7127
-1.9181
0.6920
1.5691
-2.5632
-3.3085
-1.1988
-1.1472
-1.6406
-2.8589
-2.5777
-1.4632
-1.5212
2.8038
-1.6480
0.3277
1.7926
-0.8203
1.5000
-2.4426
-2.3605
1.1934
3.3820
-2.2245
-2.4711
-1.6820
0.8306
-3.6743
-0.6118
-3.6761
-1.9859
-2.9373
-2.4062
-2.4776
0.9329
1.3644
-2.2124
-2.7233
2.4578
-2.5641
-2.5849
2.3125
-1.9578
2.3851
-2.9668
-1.8960
-0.1359
-1.9732
1.6171
-2.6422
-2.5617
3.6365
-0.9593
-3.2280
2.5389
-1.5543
-4.2029
-1.3260
-2.6508
-2.5405
1.6395
3.3660
3.6485
1.6256
-1.5962
-2.8270
-4.1770
-2.2836
-0.8551
-1.7314
4.3068
-2.0550
-1.0225
1.5539
1.8447
-2.7169
-2.4559
1.3020
1.1491
-2.1028
-4.0618
2.1895
2.5099
-1.4583
1.8370
4.8850
-1.4447
-0.1217
1.2661
-1.2069
2.1973
-0.6477
2.4598
1.6995
-3.0388
-1.3102
-1.3919
0.1879
2.0868
1.8298
1.6456
1.6993
-1.5792
-2.2581
-3.2594
2.1129
1.9532
1.5458
2.1475
2.7812
1.7797
2.0282
3.8808
-2.7620
4.4469
-3.1495
-2.3962
1.7566
-0.6895
2.8598
-2.7241
-1.2697
-2.2853
1.0409
1.1999
1.0772
-2.2757
-2.0204
-1.5229
-2.4746
-2.0753
-3.6724
-1.4754
1.6952
-2.5140
-2.3836
2.3652
2.0219
2.7772
1.4403
0.3663
-1.9525
2.2606
-1.4137
-1.2868
1.5129
1.6527
1.9606
-1.4747
3.8072
0.7525
-2.3776
-3.6804
-2.5080
2.6338
1.9849
-2.2187
-2.6849
1.9061
-1.3792
-2.4679
-0.0221
-1.2966
-1.9498
-1.7523
2.7336
2.3290
-1.4908
-2.2400
3.4182
1.7697
2.2576
-2.8602
1.0444
-2.2462
-2.4704
-1.9173
0.3386
-2.6078
0.9426
2.8556
2.0482
-2.4219
-3.1531
3.3979
1.0167
-1.0740
2.4963
-4.8450
1.5588
-2.4159
-2.1090
-1.8189
-3.3378
1.6543
-4.9456
-1.3367
-2.0309
-3.6323
-1.9298
-1.8552
-0.2089
-2.4673
-1.8226
-2.5475
-1.6772
0.0559
2.2421
-2.4033
4.2827
1.8098
-2.4346
-2.1932
1.8059
2.7386
-1.6228
-2.7342
1.4307
2.4018
1.5631
1.7844
-2.3121
-1.7623
1.4678
-0.5113
-2.1373
-0.7650
1.5364
-1.4981
-1.9418
-2.6046
-1.9853
2.7455
4.6043
-1.0027
2.1999
-2.2469
0.2037
1.9578
4.5571
0.9338
0.8760
-1.7935
-3.3430
0.8138
0.8381
-1.6066
2.1569
1.9379
1.5169
-1.6231
2.8730
2.7286
-2.3792
-2.2850
-2.4341
1.5758
-2.2356
-2.7500
-1.8213
-1.8411
0.0845
0.8582
2.3485
2.5311
-2.4650
-1.0834
0.8170
-0.0600
-2.5696
2.4956
2.5467
-3.1260
-1.3753
-2.4592
-3.0494
-1.3906
2.5598
-1.1634
0.8958
1.6739
-1.4083
-1.1148
-1.8310
-1.9279
3.3720
-1.7417
2.5735
0.6968
-1.8711
1.1068
-1.3791
-2.3385
1.7428
2.0097
1.7225
0.5934
2.0715
-2.2009
2.5253
-2.2360
1.0485
-1.6745
-3.0957
2.2587
-2.9467
2.0977
-1.0598
2.3126
2.9437
-2.6902
-0.1814
-1.3471
-3.7183
-1.3582
2.3376
3.1153
0.7809
-2.5847
-0.9373
-3.5833
1.9178
-2.2639
-4.7115
-2.3700
-2.2903
1.5536
-2.2488
-2.4398
-4.8782
2.5284
-2.4606
1.9429
2.5318
-2.6222
2.1337
-1.4124
4.5855
-1.3670
-2.3136
2.5379
4.7254
3.1392
1.1840
0.9394
4.6861
-2.3143
3.9547
-1.6592
-2.0398
-0.2475
2.8689
1.9381
2.7048
-1.8827
2.6942
-2.0555
-1.7134
-2.1818
1.1682
3.6895
1.6510
1.3246
2.3233
0.7388
-1.8426
-1.7742
4.4415
-2.6381
-0.4118
1.6593
1.9964
-1.9627
4.8677
-1.2390
0.1881
1.7114
-2.6117
-2.5326
-1.9228
1.1164
-1.4578
-2.3745
-2.0194
2.2499
-2.2435
-1.9231
-1.8218
1.5636
2.4399
1.6366
1.5485
-3.3112
-2.2254
-1.9825
-0.0709
-2.4124
-1.8087
3.2172
-2.2853
-2.5579
-2.4124
-4.4746
1.4906
1.2920
-1.9202
-2.6605
1.8607
2.8108
-2.0881
-3.0118
-2.6313
2.0333
2.1448
-3.8888
2.6324
2.9064
1.6461
2.2892
2.0621
-1.4529
-3.0862
2.1533
2.8866
4.3988
1.7445
4.7961
2.1009
2.2494
1.3002
-1.1398
1.6151
-2.2330
-1.3824
1.2748
-2.8917
2.6626
2.0896
1.2338
2.2032
0.8357
-3.3884
-2.2734
1.6080
1.0640
1.4449
-2.3859
-1.6924
-2.6111
-4.2365
2.2196
-1.9692
-2.1393
-2.4256
-2.3714
2.0426
-1.8796
-1.9787
2.4490
-2.3435
-2.2773
2.3115
-1.5677
3.1408
2.5638
-2.3164
2.4437
2.9669
-2.7503
-1.9973
2.3582
-2.6116
-0.1701
0.4032
0.7403
-1.9386
1.9783
-2.4975
0.6645
-1.9806
2.6780
1.8953
1.1226
0.3075
1.9217
-1.4069
-2.1044
2.5024
3.9723
-1.9745
1.9307
-1.5412
1.9574
1.9440
-0.0607
2.2485
0.0700
0.9068
-2.9458
-1.5316
1.7250
1.9769
-2.1203
-1.2498
2.5177
2.1437
0.1538
-2.0987
-2.1294
-2.6258
-0.6881
2.0768
0.9047
1.6650
4.6290
-4.0288
4.8857
2.8174
-2.0605
-2.4661
-4.1169
1.6767
-2.9336
-2.2090
-2.0930
-3.0700
0.3935
1.5795
1.6009
-3.5392
-2.1713
1.5656
-2.3517
-2.3710
-3.2562
-2.5028
0.7862
-2.6863
-1.9902
2.6445
-3.0479
0.9313
-2.6247
-2.3198
-1.9949
3.8021
1.3827
1.6161
-2.3923
3.2735
2.9660
-3.0757
1.6113
0.8198
-1.6342
-2.9067
2.5883
-2.2212
2.1225
2.6535
0.9777
-1.5302
-2.7822
-1.3424
-1.1111
-1.7302
-1.6493
-2.3365
-4.2326
-2.3243
3.3302
-1.3862
-0.5986
0.6994
1.4070
-2.1610
2.4561
-3.9206
1.7551
-2.2280
1.9155
-4.1219
3.1758
2.4235
0.5626
2.4067
-2.3802
-1.1877
-1.2572
4.4100
0.2785
0.6392
2.5109
1.8503
2.7076
-1.9575
-2.0122
1.5814
-2.0202
-1.9332
0.6831
0.8715
-1.9478
1.8290
-2.5892
-1.5963
1.3532
-0.4845
1.2455
-2.1034
-2.8637
1.4125
-1.0741
-0.7622
-4.0821
-2.3481
-1.2486
-1.1481
-1.9699
-2.5146
-2.2898
-2.1064
-2.2183
1.7344
-0.4523
-2.5772
-1.5554
0.5203
-1.2126
1.0726
1.9250
-2.2334
-3.2475
-0.7840
-1.1859
-2.4416
1.6519
-2.5482
3.9098
-2.1552
0.7918
0.8905
0.6011
-2.5610
-2.1412
1.3941
0.0191
-2.6757
2.8949
2.0136
-3.6782
-2.8782
-2.2156
-0.9515
-2.0793
-0.0956
-1.7033
2.0386
2.4828
2.9753
0.9916
-1.9521
-2.4653
1.6075
-2.7772
-1.6223
-2.0503
1.9883
1.6287
4.6563
-2.1289
-1.2291
0.7938
-2.2864
1.6091
-3.0267
2.6079
-0.9777
1.8308
1.5110
1.8459
-2.1760
4.8022
-2.6198
2.5742
2.5256
2.0139
-1.4978
1.5877
2.0822
-1.3217
1.1980
1.7089
1.8348
2.1722
1.1715
-2.4932
-2.8079
1.3574
-2.7763
2.0046
1.4152
-1.8261
-2.0398
-1.8382
1.5509
1.2062
0.0819
-1.7635
3.4829
0.9953
2.4502
-2.0547
-2.4021
-1.1410
2.3015
2.2119
0.4926
2.1671
-2.4681
0.4549
-1.5155
1.1424
-2.5855
1.5567
1.6581
1.2882
1.4860
3.1773
-2.5014
-2.4223
-0.1415
2.3679
-1.9197
1.5518
-1.7601
-2.5352
-2.8282
-1.8354
1.6790
-2.0913
2.2488
2.1409
1.1956
-3.4857
-3.1289
-1.4209
1.5294
3.2743
2.0241
3.4984
-2.6314
-3.0731
2.4692
-2.1522
-2.0510
1.6793
2.0842
1.8775
4.5461
1.6237
1.1455
2.7498
1.4461
1.8001
-1.7104
-2.4129
-3.0888
-0.2054
-1.8018
-1.3427
1.0560
2.1448
4.7897
-1.8769
0.8558
-2.2173
2.6193
0.8681
-2.8610
-2.2713
2.3400
1.6988
-1.9908
-2.1270
-1.6416
2.5013
-4.2028
2.2533
-3.1335
-1.9084
-4.0841
-2.2926
1.2850
-0.6208
-1.2003
2.4315
-1.2616
3.4068
-1.8368
-2.3261
-0.2795
-2.7917
-2.1323
1.4012
-2.0960
1.5795
-2.6784
-1.4940
-2.3783
2.4005
4.6557
-2.2855
-2.0485
-2.6678
0.6722
2.6952
-1.9406
1.1967
-0.0832
1.4858
-2.8539
-2.1863
-0.3255
3.2716
-2.1399
2.1709
-1.3513
4.1094
-2.5653
1.0482
1.0928
-2.0767
-2.1582
3.1592
-1.6123
2.3424
-3.1147
4.3550
3.3315
-2.4706
-1.9116
2.6412
-0.9256
-2.2497
-3.1173
-2.0357
2.2988
-2.3041
-4.8905
-2.4841
-4.1138
-2.9313
-2.5117
-2.2701
-2.9992
-3.2669
-1.4658
2.1466
-1.2153
-2.2500
1.2911
1.0458
0.5724
-1.8072
0.6730
1.9147
0.6043
-1.9892
-1.4264
-2.1755
-1.6573
-2.1106
-1.8599
-0.5131
4.6229
1.7826
1.4565
-1.7520
3.4195
-2.2216
-2.4891
2.6230
2.2946
1.9677
1.1839
-2.3599
-1.0819
-2.3669
-2.4440
2.0409
2.3241
4.7443
-1.9022
-2.6276
2.1796
-2.5727
-2.5596
1.2047
-0.3262
-4.0447
1.7347
-1.5796
-2.5260
-1.2743
-1.7176
1.1126
-1.2079
1.3353
-2.2001
2.9581
-3.8394
-2.3261
-2.2346
0.8642
-2.4035
-2.7142
2.5894
0.8652
-3.1893
-2.3107
1.1167
2.0408
-3.3032
3.0948
-2.8312
-2.3426
4.1539
-1.6429
1.4129
4.8150
2.8883
-1.8464
1.6318
1.6538
-2.2375
-3.1261
1.2488
0.8571
-2.5694
-2.7026
-2.7946
2.2692
1.4220
-2.3337
2.2257
-1.9937
-2.0871
2.7444
1.6732
2.7774
-3.0706
-3.0127
2.7828
1.2253
1.6949
3.6109
-2.6788
1.0851
-2.3670
0.0545
-1.7757
2.6960
3.1806
3.0213
3.3075
3.9583
-2.7807
3.1311
2.3583
0.8156
-1.6763
-1.9856
3.0381
-2.2570
-2.3307
3.5063
-2.3340
-2.4445
-2.7315
-2.3955
-4.8199
2.2380
-2.6605
1.4831
-4.1903
3.3964
-0.0527
-2.3018
-2.8373
3.8510
-2.7505
1.2477
-2.6337
1.1952
2.6922
-2.3006
-1.8086
-2.6999
-2.9593
-1.9675
-1.9065
-2.0106
-3.5478
2.6272
1.7032
1.3432
-1.7874
-1.0928
-3.6780
-4.0933
-4.4270
0.4041
-4.3497
2.7340
-1.3860
-1.9020
-2.1176
-2.0345
-2.2700
-2.0009
3.0792
4.2184
-2.2135
1.4090
-2.9018
-3.1648
-2.7002
-1.2073
1.8708
3.0904
-2.1453
-1.2171
-2.3744
1.6935
-0.0962
1.0939
-2.8641
1.8127
-2.0216
-2.2437
1.8910
3.0635
0.8983
2.1471
-2.0045
-1.8373
2.2047
-2.4726
-3.1054
2.6561
2.6075
1.6866
4.5174
2.5521
1.0831
-2.3532
-2.2356
-2.2986
-2.2794
-2.2435
2.1576
-4.6976
-2.3400
-2.5040
-2.0775
-1.8697
0.9034
2.7008
-4.0826
4.4001
2.2205
-2.7658
2.2346
-1.8399
1.1782
1.4712
-1.0466
-2.3210
-1.7132
-2.3765
-2.2304
3.7786
-2.6043
-3.8199
-1.9010
-2.3710
-2.1787
-2.3612
-0.2760
1.6445
-2.2592
-3.5484
3.2273
-1.5924
2.8613
1.6085
-1.2742
-3.2248
-1.8171
-2.8278
1.1345
1.8529
-2.5054
1.2636
-2.4111
2.2424
-2.3508
2.2085
2.0924
-2.2096
-2.7708
-1.8229
3.9716
3.2939
-2.6606
0.1666
-1.6987
1.9064
2.2594
-2.5586
2.0505
-1.7977
1.7575
2.4615
1.3929
-1.8016
1.3382
2.5324
2.3685
-2.1972
-2.4411
-2.5858
3.0686
2.4181
-2.4432
-3.3411
-2.1590
2.8590
-1.4034
-1.9956
1.4096
-3.1123
-2.3068
-1.6733
2.9460
-1.9411
-1.4927
2.5554
-3.6447
-3.0714
-3.4854
1.3513
-2.1947
0.9281
-3.9194
2.5276
1.6338
-2.4055
1.8617
1.3168
-1.5452
-2.4359
1.7620
1.4549
2.8212
-2.2389
1.6667
-1.8612
-3.1103
3.7426
-2.2345
1.8830
2.1165
2.5812
-1.6621
-2.1373
-2.1251
1.4910
1.1749
-2.1209
-2.3296
-2.4081
2.2577
-2.1784
-2.3472
2.7767
-1.7937
-2.9816
2.8548
2.1017
1.7569
1.3131
-1.3034
1.6678
-2.2923
2.5820
-2.1325
1.8405
1.3253
-2.0043
-2.2170
-3.1218
-1.7078
-2.1328
1.6454
-2.4881
1.0923
-2.1142
-1.4969
-2.0222
-2.4082
0.9574
-2.8945
-2.1306
-2.8227
1.4656
1.2886
3.2557
-2.8107
-1.8088
-1.2245
1.7466
-2.2412
2.9806
2.6495
1.3951
-1.7439
1.6937
1.8060
2.7018
2.2907
-1.9235
-1.9415
-2.0690
-0.8618
0.2852
2.3907
1.0066
-0.5995
-1.2231
2.0491
-1.8328
1.6656
-1.8702
0.5083
1.7103
2.3383
-0.2348
-1.9597
-2.1403
-1.9451
1.2243
4.5737
-3.0643
2.5340
-2.8253
2.7985
-1.3319
2.5557
-4.8462
-1.8344
-2.1503
-2.4844
1.6752
-2.2067
1.2623
-1.6984
1.9869
-0.3700
2.2532
-2.4621
-2.6261
-2.4706
0.9199
4.8198
2.0958
-1.7490
-1.0447
0.7412
-1.5929
1.1361
-2.9113
2.0640
1.6115
2.0165
-1.9500
-2.3523
2.4030
-1.4977
2.8771
1.2110
-2.2350
-2.1846
-1.7492
1.7606
-2.5699
2.9826
4.7609
1.6989
1.3611
-1.9778
-2.3477
-0.5273
-2.5619
2.2767
0.3948
-2.2175
-1.8687
1.2586
-2.7571
2.1326
-2.0352
-2.0976
0.4839
-1.3524
1.3805
-2.6287
1.3612
-3.2896
2.7229
-0.5073
3.1076
-2.1193
-1.9228
-2.1798
1.2740
3.4671
2.3792
-1.6264
-2.8616
0.6732
-1.6487
-1.9971
-0.1331
-2.4573
0.8663
0.8786
2.2239
1.9830
-3.5043
1.7046
2.0097
-1.6593
-1.6736
0.8422
-2.5158
1.1862
4.3846
-2.4682
1.9666
2.5474
1.7654
-2.6675
-1.6165
1.5764
-2.2940
-2.4766
-1.9943
-0.1790
-2.5420
1.2917
0.6189
1.3265
-1.4131
-1.8964
1.2514
3.6453
-2.3600
-2.1245
-1.6807
-2.7675
-2.0097
-2.7191
-2.0911
-2.2240
-2.6240
1.7898
-1.6633
-1.5981
4.5587
4.8385
-0.7100
1.1276
2.1817
-2.5262
-2.3430
0.7241
-2.9413
-3.9197
2.1931
1.0678
3.1882
-2.1517
-1.4967
-2.1855
2.8685
0.9702
-2.0753
0.9643
4.2092
1.9707
-1.8477
2.9708
-2.9504
-2.4595
-1.6681
2.5195
-2.2577
2.6662
1.7444
-2.2964
0.5808
2.8870
2.3897
-3.9449
-4.5539
1.6493
-1.7824
-3.0851
2.9508
-1.5197
-2.8243
-2.2227
-2.3013
1.0193
3.2753
-4.8413
-1.4603
1.7097
-2.2279
0.7629
4.9614
4.5590
0.8726
-2.5720
-3.0153
-1.4724
-1.4967
-1.9666
4.2486
-1.6337
2.9144
1.9839
1.0659
-2.3185
-2.3316
1.0069
-3.1697
2.2804
-2.9138
2.0925
-2.1093
-2.6473
-2.5570
-1.9368
3.8511
-2.5432
2.0396
0.1415
-2.0887
-2.0347
1.8828
-1.8666
-1.5026
3.2279
-1.4311
-1.0395
-2.5234
2.4922
-2.1784
1.5425
1.9957
4.4388
1.2531
2.2609
-2.4899
2.8164
-1.6473
1.2043
-1.4025
1.4335
1.4598
2.3067
1.6153
-1.6974
2.7860
-2.1767
0.9508
2.4305
3.8383
-0.0957
-3.8953
-2.4616
-2.1493
-1.1409
-1.8307
2.7300
-0.1169
1.7514
-1.2843
0.4007
-3.2225
0.5095
1.9510
-1.8648
1.2975
2.3879
-2.1449
2.9540
-1.9728
-2.0522
-2.1709
-3.8745
1.3283
2.3557
-1.9852
0.9176
2.0898
-1.3320
-2.3617
-1.7695
1.7428
0.5879
0.8053
1.5181
-2.4141
-1.8035
-2.0992
-2.7010
-2.7024
-2.7511
-2.5330
1.6967
-2.7826
-2.2607
-2.2447
-3.0889
2.7270
2.6110
-1.2019
-1.6617
-1.5673
1.4397
-2.2159
1.2519
-2.7272
-2.5448
-4.9041
1.8269
4.7514
-1.6197
2.0570
1.0538
0.3946
2.2013
0.2903
-2.4045
-3.1510
2.3588
-1.7815
-2.0789
1.8165
1.4838
-2.3957
-2.0726
1.5399
-1.9651
2.2338
0.7279
2.0438
-1.8089
-1.8333
-2.3560
2.2540
1.7820
-1.7229
2.2835
0.9545
4.7947
2.4186
-2.1943
1.6705
1.3193
-2.4029
1.9597
1.2740
1.7020
0.0311
-1.9521
1.3354
2.1446
-0.1311
2.4609
0.3799
-2.4617
-2.4095
1.5630
3.3732
-1.8075
-2.7894
-1.6706
1.9669
1.6091
-2.3353
-2.0485
-2.0805
0.3447
-1.9726
4.4037
-2.2529
2.6612
-1.2350
0.5876
1.6213
-1.2357
-1.5460
-1.6550
-4.3223
-0.5546
-1.7997
-2.2642
1.7540
1.4201
-0.7439
-1.1026
-1.3729
2.6041
3.1231
1.8586
-4.4682
-1.0670
2.9066
1.8856
-2.2498
1.9314
-1.2540
-3.5373
-1.8889
-1.9777
2.3201
0.4921
-1.7089
3.8770
2.3035
2.0276
3.8212
0.9777
-1.4211
-2.1410
1.7544
-1.4698
-2.2949
-1.8645
-2.1164
1.7284
0.5517
-2.3141
-2.1982
0.5552
-2.4352
-2.1045
-2.7836
-2.0647
0.7422
-2.2085
0.9914
1.3605
-1.5481
-1.0015
1.5311
-2.8879
-1.9714
-2.5008
1.3710
-1.3088
1.4891
1.5683
2.0517
-1.7678
-2.5203
2.5635
-2.0392
2.2423
-2.1850
4.2939
0.3441
2.2470
0.2341
4.7500
1.1675
1.9015
1.8446
-2.2307
2.3943
0.7518
1.6813
-2.4110
-2.5726
-2.0734
2.9621
4.8171
-2.9445
-2.5163
1.3440
-2.1345
1.2578
2.4775
-2.8905
-1.7377
-2.1233
1.7823
2.2165
-4.0723
2.7530
-1.5466
1.4392
-2.1644
-2.1941
2.1180
1.8982
1.6848
2.0268
-1.5334
1.8768
1.6336
3.4963
-2.6340
3.1650
1.9132
-2.1358
3.7621
-2.1761
1.8591
-1.6239
-2.3685
2.3573
-2.4460
1.4916
1.3608
1.6479
-2.2293
1.1523
2.5958
-2.5265
1.2978
-2.4596
3.8898
0.9349
1.3284
-1.9784
1.3491
-2.5779
1.6276
-2.1419
3.1567
-2.8952
2.2749
1.7753
-1.8552
2.0569
1.1875
2.0212
0.2610
-3.0024
-3.0604
1.2521
-2.8237
3.2938
1.4910
0.8907
-1.7915
2.0905
2.2991
-2.5642
4.6815
2.1655
1.7226
3.3549
1.2505
-3.5210
-2.6729
4.7646
-1.9344
-4.9416
-1.8970
-2.7076
-2.4934
-3.3341
-1.3663
-2.4841
-3.0545
-1.8766
1.5812
-1.8183
-2.2738
-1.6293
2.1148
0.9552
0.7867
2.6764
3.6698
-1.3548
-1.4616
-2.0629
2.2534
4.7188
0.3714
-2.3263
2.4175
2.8211
-3.1286
-2.6740
0.7582
2.7990
-3.9622
-0.3742
1.9251
-0.7403
-2.4568
-2.8449
-2.6192
0.3670
-3.4503
1.9322
0.9935
-3.2493
-2.6141
-1.8782
-2.8685
1.9042
0.7070
-2.6092
-2.0205
-1.3603
2.3278
-2.6386
1.1825
4.1008
-2.2729
-2.2957
1.9385
-3.3797
-1.9276
-3.0195
0.1373
-2.9174
2.2635
-2.4856
1.4599
-2.3936
-2.2834
1.0050
-1.3742
-3.0203
-4.4133
-3.1170
-2.0518
-1.6349
2.1696
1.5205
2.5755
-2.8656
-1.5546
0.7361
-1.7273
-2.8670
-0.2219
-2.7894
-2.5908
-2.3950
-2.1893
2.6288
1.3212
-1.9779
1.9213
3.1293
1.5524
1.4569
-3.5855
1.8912
-1.9312
1.1094
2.1151
1.9800
3.3971
1.6157
-2.1233
-1.4554
1.5800
1.8627
-2.8784
-2.2257
1.8741
-4.1114
-2.5763
-1.9112
-2.0066
2.1639
1.5313
-1.2410
4.0223
2.0503
-1.1985
-2.6750
1.8089
0.9405
-1.9353
-1.9310
-2.2241
2.6407
0.6191
-2.2313
-2.2784
1.5152
1.7090
2.5348
1.7561
-1.0421
-2.5116
-1.5911
-2.3677
1.9433
-2.5654
-1.6118
4.3640
-2.0297
2.1852
1.4829
-1.4604
-3.1807
-2.6158
1.6216
1.8380
3.3366
-2.5986
2.4320
1.2221
1.6521
-2.3785
-3.1884
-2.1596
-2.8390
1.7253
2.5042
-2.5466
2.0241
2.1452
1.0624
-4.9036
-2.9716
-4.2015
2.1276
2.0259
-2.3473
0.7423
4.8924
-2.5471
2.0418
-0.7553
3.9746
-1.9144
-3.5301
-2.4970
1.0584
-2.1534
-2.9149
-1.0924
0.5207
-2.4114
3.8475
1.3985
-1.9675
-2.6633
2.8201
1.6806
0.5351
-3.7000
-2.1869
0.5578
-2.8057
0.5165
3.2737
3.6907
1.3742
1.1708
3.7922
1.6453
-1.9925
1.7120
2.2104
1.1880
-1.8147
-2.0278
-2.3281
1.0166
-2.1543
2.6471
-2.8182
-2.3749
2.9448
-1.5762
3.6917
1.8914
-1.9292
-3.1298
-1.9304
1.3731
-3.5415
2.9257
-1.7814
1.1520
2.3507
-4.2004
-2.4602
-2.2082
-1.8365
-1.9140
0.5208
-2.2636
1.9698
1.9390
0.0045
-0.3020
-2.3852
3.6919
2.0309
2.3404
-2.0179
1.9750
0.8116
-3.7749
1.8919
-3.0511
-2.1605
3.3899
1.7212
-1.5640
-1.2127
2.2715
-2.4750
-2.2087
-1.9583
-2.4701
-3.5514
-0.8096
-1.8782
-1.9198
-4.7939
3.1246
1.6837
2.3174
-2.0988
0.4297
-2.4129
-3.0170
2.6352
-2.1840
-2.3306
-2.5125
-2.5133
-2.2657
2.3358
1.6885
2.3716
1.2268
1.6080
-2.9200
1.6922
2.7082
1.6084
-1.4496
-1.9867
2.2527
-2.1453
-1.8115
-0.6319
1.7061
-2.0884
-2.4915
-2.1602
-2.4960
-2.1567
1.3307
-2.2343
-1.4209
-4.3410
2.3906
1.0399
-1.7215
-2.7704
-1.9428
-0.9881
-2.6335
-2.4633
-2.0089
0.5314
-2.4194
4.5446
-0.8360
-2.0735
2.3256
1.5500
0.9360
2.4468
-2.1370
-2.0604
-1.3235
-2.2001
1.4451
-1.4071
1.8637
2.5483
-1.8102
1.2093
4.6313
1.7744
2.3744
-2.0535
-2.5317
2.0352
1.3496
-2.2948
1.2515
-2.9680
1.3729
2.0209
-3.0020
2.1160
-2.0796
-4.3904
-1.7814
0.8775
-2.0797
1.7356
2.0226
-0.0709
1.4364
-1.5729
1.5302
1.1940
-2.1562
1.0681
-2.1666
1.2417
-2.6746
-1.7941
2.4178
4.5676
2.4821
1.6568
1.3628
-4.4840
-1.3523
-1.9411
-2.0999
4.1287
4.8963
0.1170
-2.0925
-2.6403
2.7764
-2.0999
0.2581
-2.0598
2.3740
2.4153
-4.7209
-4.7699
-2.7547
1.2132
-4.0008
-2.0223
-2.5709
-2.7982
2.0939
-2.4201
2.4060
2.3286
1.9479
2.4800
-1.3528
-0.7444
1.0689
3.0489
2.1626
0.3524
-2.6509
-2.4588
-1.6652
1.3083
1.8283
3.3643
0.9748
-3.7996
-2.3598
1.6042
-2.5397
1.5801
0.7381
1.5797
-2.3654
-1.1826
2.9744
2.1676
1.5519
-1.8916
0.5008
-1.9451
-2.8959
0.8361
0.9944
-1.1829
-1.4488
-1.7414
-1.9058
-1.1422
-1.8600
1.8896
2.0177
-1.7137
-2.9327
-1.8341
-1.5215
-2.0627
-2.0722
-2.2088
1.7307
0.8317
-3.1917
2.4292
-2.7753
-2.5343
-0.9454
1.3023
-2.6558
-2.2880
3.6155
-3.4484
2.4117
3.1760
-3.0158
2.4753
-3.0582
4.5243
-2.1872
-1.0187
-3.5196
0.4789
1.7098
1.6803
-2.1252
-2.3293
-2.9667
-2.0976
-2.2523
0.9687
-2.7850
-0.4884
1.5595
-2.6646
-2.9065
-1.0582
1.8154
3.9511
0.9365
-1.3070
0.0507
-2.9159
-2.3385
1.6173
1.4103
1.6402
-2.7071
2.9393
-2.3337
2.2931
2.6470
-2.9666
-1.2992
1.7081
0.5989
-2.1934
2.9554
1.0365
-1.5349
-2.1086
1.9073
-2.6622
-3.3042
-2.4526
0.7798
-2.1023
2.9431
0.8957
3.2251
2.8551
-2.2698
-0.7916
-2.2226
4.4887
2.7502
1.8618
-2.8422
-4.1470
-1.7729
3.3953
1.4071
-4.7476
-1.8501
2.2217
3.0898
1.7317
-0.1521
-0.2357
-2.7339
1.7267
-2.1726
2.0508
-3.6233
-1.7423
-3.1656
-2.0597
-2.5649
-2.3990
1.4826
2.9536
-1.9800
1.6301
-2.9262
-2.2381
2.4516
-1.3665
0.5370
-1.6756
3.1378
-2.4230
-0.9356
-1.6966
1.5098
0.5746
-2.1631
2.2945
-2.1200
-1.9682
-2.0694
-3.6157
-4.7139
-2.2520
1.6966
-4.7156
-2.5577
2.0078
-0.3254
1.2493
-4.7683
2.5987
-2.8777
-2.5722
0.8410
-2.1819
2.8056
4.8829
1.8445
-1.9706
-2.3459
-1.5602
-2.4359
-0.2561
3.2500
-3.0780
-2.2269
-2.0983
3.1834
1.9195
1.5233
-1.5831
0.9455
1.8341
0.5625
-2.4996
-3.0988
1.5179
-3.9618
2.6017
-2.3110
0.9818
2.2699
-2.8855
-2.0726
3.3761
0.6978
-2.6505
-2.2794
-3.0888
1.3332
-2.6481
-2.2458
-2.5838
-2.3525
-2.2314
1.4066
2.0352
-2.1853
4.8120
0.8602
-2.0624
1.8261
1.8084
-3.0148
-2.4534
-2.4864
-2.9990
-4.7375
2.6907
0.9756
3.7987
1.0205
2.4219
1.5041
4.6393
2.9106
3.7728
-3.3230
1.8500
-2.6287
4.8623
1.7300
1.4619
0.5602
1.9923
-2.3415
-1.5569
1.8927
-2.1943
1.7139
2.9678
-2.6057
-2.1576
2.1589
-2.0033
-1.0922
-2.8709
-3.9188
1.6953
-1.7517
-2.6228
-1.8704
-2.8490
1.2241
2.3440
4.0675
-3.0517
2.3183
-2.0333
0.9763
4.0745
2.1567
2.3955
2.3941
-2.1804
-4.2296
-3.8720
1.5196
-2.9164
-0.1799
-1.0292
3.1772
-1.2869
-2.6447
0.1624
-1.9033
-2.3108
1.7135
2.0473
3.4481
2.2831
1.4455
-1.7061
0.9653
-4.2368
-2.7758
2.1244
2.3725
0.8207
-2.6141
0.8456
2.1816
4.1634
1.2797
-1.7898
2.2904
2.0538
-2.8941
3.1120
-2.1288
-3.1624
0.5661
-2.7722
2.8667
-2.1245
-4.5604
-2.6871
1.6370
-1.9875
-2.3166
-1.8822
1.7364
-2.4442
-2.1917
1.4177
1.1893
-2.0761
1.8618
2.9310
-2.2863
1.7863
1.8037
2.4189
2.1244
-1.5599
1.6360
2.4174
4.2426
-3.0737
1.1612
-2.4620
1.5794
-0.2763
0.7355
1.0770
-0.4342
2.6593
-2.4693
1.5518
-1.7755
3.6727
2.3175
2.5245
1.6841
-3.0662
2.2606
0.8252
2.4659
-1.6597
-2.3408
1.6633
2.8433
-2.7512
1.7339
-3.7376
1.5409
-0.5016
-2.6656
1.4402
-1.0000
0.1288
-2.2195
-1.3412
0.9258
-4.5027
-3.1346
1.0440
-3.9327
2.2173
-1.8021
-2.1520
1.3725
-1.7700
-2.7504
-2.5890
-3.7451
-2.5843
0.7855
-2.4303
2.5448
-1.0634
1.0296
1.6124
-1.6148
-2.3790
1.1859
1.5122
-2.6944
-1.8641
-2.5860
-1.8378
-2.4086
-2.2476
-2.0380
-2.2832
1.1112
0.8248
1.4771
3.0588
-3.3672
2.2111
-2.5494
-2.4173
-3.4538
1.8202
1.6136
1.4564
2.2453
-0.9643
2.5162
-1.9951
-1.7509
-1.9901
0.9771
-2.7913
-2.3203
-2.9713
2.6723
2.0448
3.2677
-2.6114
0.3917
2.1695
-1.9809
0.7551
1.7617
-1.6722
4.0613
-0.5050
-0.0890
-3.1768
1.6634
-3.7645
1.0537
-1.8036
-0.1501
-1.6660
2.4973
1.1026
1.2886
2.6955
-2.2067
-1.6191
-1.6505
2.1196
-1.9148
0.6651
-2.8814
2.8645
-2.4488
1.6457
-2.1405
-1.9946
1.6549
-1.1355
-2.4926
-2.6439
1.2444
-4.6428
-2.1662
-1.1280
-2.0791
1.7062
4.9846
-0.2297
1.6866
-3.5834
-2.3581
-2.2499
-1.7212
1.3831
-2.0199
-2.2522
0.1163
2.0132
1.0249
-2.2756
1.8459
-1.6116
-0.6303
-2.3033
2.1297
-2.1125
3.2945
-3.7781
0.7385
-2.3603
2.4788
-2.6788
1.2129
2.2743
2.5503
-2.5429
-1.4319
1.5627
0.4791
-2.7371
-2.4347
-0.0570
-4.6681
-1.9417
1.9074
1.8492
-1.6235
-4.5096
1.2414
-1.4648
2.6580
2.2182
4.7253
-0.2599
-2.2364
-4.6056
-2.1712
2.0283
-0.5203
2.5469
1.9351
-3.9998
-2.6665
-2.3145
2.6740
3.2748
1.7672
-3.0047
0.8251
1.0227
-1.4314
-2.4876
0.0241
-3.0372
-2.7985
-1.6442
-2.4012
1.6725
2.0870
4.9389
-4.5717
-2.0322
-1.7943
-1.9589
0.9062
-2.2710
-2.3834
-2.0591
-2.4608
2.6721
-2.2626
1.4831
-2.6792
-1.9311
0.0512
-3.0534
-2.5421
-1.9826
-2.6315
0.6054
1.2478
1.6875
3.1218
-1.8332
-1.9096
0.2788
1.9323
-3.5519
3.2439
-4.0739
2.5266
1.2446
-1.7479
-2.2114
-2.5504
-1.9707
-2.5302
0.9835
0.4082
-2.6710
2.6576
-1.6368
-2.1423
2.7482
1.9426
3.7578
-2.9512
-2.2878
-1.7863
-2.8192
-2.8708
-2.2901
1.7743
2.0122
2.1011
-2.0836
1.3801
2.4855
1.5641
-3.1563
0.0478
-2.0628
1.9242
-4.1255
-2.1009
1.8304
1.1553
1.4146
1.3824
-2.4885
-4.8236
-1.8365
-1.8144
-1.4274
-2.4216
-3.9976
0.5857
1.3985
-4.9401
-0.0133
-4.6115
2.1304
0.9922
-2.6539
-1.4403
-1.9716
-0.0992
-1.9274
-2.5431
-4.6071
-1.5321
1.3961
1.7362
-3.4601
-2.6323
-3.0694
-2.8500
-2.9854
-2.5615
-2.3187
-2.0675
2.2932
-2.5095
2.2135
-1.3895
-2.5090
2.8695
-1.9418
1.1846
2.9024
-2.9743
4.4694
1.9033
-2.1187
-2.8072
-2.4885
-3.4145
0.5086
-2.6065
-2.3392
0.7379
2.9075
-1.3874
2.2123
-1.6334
2.3801
1.1490
-1.9433
-1.5766
1.2278
-0.0924
-1.8353
-1.4398
1.7602
-2.1728
-2.3887
2.2855
1.3342
-1.9387
-1.5938
-2.3242
-2.2299
1.4058
-2.9465
-2.9722
2.2667
2.4576
1.7063
1.8484
4.5051
0.0219
-1.9013
0.4115
-2.4282
1.0713
-2.5225
-2.4219
1.5932
2.0821
-1.1509
2.7364
-1.7872
-2.3538
-2.6393
0.6659
1.4695
-1.6760
-1.9108
2.1889
-1.3845
0.7789
-3.3556
0.7610
-2.6364
1.8924
-2.6249
-1.3716
1.9644
0.8196
-2.0210
-2.5530
2.1516
-2.7611
1.6594
0.7750
1.5574
2.1294
-0.7622
2.5679
-1.6472
1.7088
-2.4935
-3.0380
-1.9471
3.5300
2.3930
0.7807
1.8237
-1.7395
1.8910
-2.6752
1.8766
-2.8809
-2.6427
1.7267
2.2975
1.7772
-1.7120
-2.7927
0.9764
-2.9761
-2.3095
2.4954
-1.6492
-1.6457
-3.9245
1.3550
-2.1158
-1.1550
-2.8733
0.1551
2.3857
-2.2463
-1.6428
-2.1265
2.9636
-2.4257
2.8549
2.3205
-2.2663
2.4165
3.9444
3.5944
1.0197
1.4387
2.0609
-2.2677
0.3610
-1.9070
-2.6445
1.5904
2.3314
-2.9189
2.5337
-3.7031
-1.5510
1.3125
0.3607
2.3763
1.3351
2.0680
1.5799
-1.5105
-2.1181
2.1043
2.3861
-2.3589
-2.2927
-2.1185
-2.3944
2.2968
0.5762
-2.4377
2.1304
1.3352
-2.3162
4.8342
-1.8625
2.2042
-1.5644
2.5886
1.8727
1.3179
-3.6311
-3.0988
-0.8335
-1.1624
1.7356
1.4006
-1.5142
2.6974
3.0458
-2.8009
-1.1792
-2.0370
-4.9524
-2.2620
2.6009
-2.3280
1.6016
1.4805
-2.3610
3.3448
-1.8279
2.9721
-0.0017
2.9861
-0.4850
1.7995
-2.2018
1.5794
1.7064
-2.1170
1.9321
2.1940
2.9769
1.3521
1.1498
-1.8311
0.6862
-2.4091
1.2587
1.6812
-2.2031
2.5868
0.6924
-1.7328
-2.4524
1.3810
-3.6793
1.9130
-1.8735
2.1113
1.1005
2.5641
2.9051
1.6602
-2.7661
2.9437
1.2645
1.5665
-1.8521
-3.5691
-2.7998
-2.7309
1.5917
-2.0229
-1.8883
-2.6662
1.2481
-3.8348
-1.9915
-1.5277
-2.6076
4.6352
3.1534
-1.9938
-2.7709
-2.3591
0.9535
-2.4778
-2.6768
-3.2057
-2.2839
-0.9850
-2.3199
-1.1765
1.1656
1.6070
-1.5304
1.1489
2.3924
2.9710
0.2959
-2.3305
1.5479
4.4192
2.0412
2.2047
1.4114
2.3664
2.9500
2.3967
-2.0638
-2.0869
0.1260
-2.4315
-2.0514
2.2386
2.9215
2.2441
1.0212
3.2845
-1.7542
-4.1544
2.0486
1.3501
-2.7441
2.1570
-1.7337
1.0971
-2.1971
1.3784
0.4297
1.2697
4.9536
2.9966
-2.5243
3.1515
-2.5127
-1.8959
-3.2536
3.1663
-1.7394
2.0720
-2.5039
-0.4920
-2.5938
2.7646
1.1910
2.0286
1.4016
1.4958
1.7053
0.4019
-1.7135
2.2967
2.1105
1.7692
-2.6755
-1.8807
1.7564
-2.0992
2.4616
-1.9866
-2.0434
0.1000
-1.8494
-2.6971
-2.3545
1.9840
2.4905
-2.3003
-2.7210
-2.3236
0.2011
1.4720
-2.5375
0.2872
-1.6985
1.9549
2.1201
0.8111
-1.7275
-2.2646
-2.7845
-2.1011
1.1562
-2.5143
-4.3203
-1.9425
-2.4367
-2.1629
0.3909
-2.7839
0.6012
2.6037
-2.2576
-2.0752
2.7785
1.0257
1.8885
-1.9901
-2.8552
-2.1396
-2.3972
2.7897
-2.2177
1.9727
2.2591
1.8511
-2.6638
-2.4958
-3.8192
-2.3562
-4.2775
-2.3301
0.5931
1.6701
-1.9401
3.0808
2.7732
-2.9965
-2.0716
-2.3115
-1.8883
-2.3832
1.3492
1.2725
-2.5422
-2.4192
1.2488
-2.5989
-2.7665
-2.3897
1.8290
-2.0116
-2.3946
1.4978
2.1033
-2.0232
-1.9392
1.4980
-1.2342
2.4939
2.7385
-1.5946
-3.0479
-2.5569
3.1712
-2.6525
2.6723
-3.1073
1.6264
1.0149
1.5600
-1.1325
1.7374
2.1537
-1.5497
-2.0090
-2.7533
-2.2529
2.0282
-2.6801
2.1788
2.0134
4.4013
4.0281
-1.8767
-3.8516
-2.1424
0.2812
-2.8784
1.6442
-0.4338
-3.0099
-2.1909
2.0023
-3.7001
1.4455
1.9295
-2.5963
1.3981
0.4499
-4.5388
-1.4898
1.8462
-1.7918
2.4054
-2.0130
-2.6350
2.5668
3.7976
1.3643
-3.1823
2.7202
-0.1406
-2.5962
1.5128
-3.2537
-1.8803
4.1300
-1.7485
1.8979
1.7473
1.9608
-2.0782
1.7324
1.9519
0.9189
0.8513
-1.6632
1.5311
-2.4527
-1.4020
-4.2194
1.8033
3.4362
-2.1405
0.7858
-3.0918
1.7696
-1.2502
2.1160
2.6761
2.3490
-2.2455
1.5692
0.8884
2.1027
1.1404
0.1849
-2.6584
2.9040
2.2674
-1.7635
-3.2628
-2.8987
0.6540
-1.2386
0.5298
-2.2066
-1.4535
1.1652
-3.2370
-4.6788
-2.3142
2.4385
0.9162
-2.6842
-2.8590
-1.9231
-1.1430
-2.5780
-2.2583
-2.1831
1.5311
2.5380
1.3013
-2.0821
1.5612
1.8046
-2.0567
-1.7576
2.4398
-2.4788
2.3651
1.4016
-2.3482
2.6333
-2.2427
-1.9574
-2.9319
-0.4858
-1.2939
2.2599
-4.0638
-1.6737
-3.8836
-2.8176
1.5166
-2.2004
2.4432
1.2833
2.3204
1.6385
-2.3426
2.5468
1.7373
1.7003
-2.5182
-1.1840
1.5068
1.6256
0.6138
1.5819
1.0999
-1.3713
1.9610
-2.3669
-3.0970
-2.5820
-2.3940
-1.7360
1.0339
2.9059
1.5493
-3.0075
-4.9087
-1.8070
-2.5006
-3.0170
-4.1863
-2.6543
0.7793
0.3935
-2.2496
-2.1141
-0.4751
-2.1442
-2.8539
-1.8677
1.2291
-2.7968
1.5060
-2.6154
-2.3695
-1.8053
2.2535
-2.4328
-0.9893
2.1582
-4.2083
-2.8458
1.7497
1.8876
-1.9914
-2.2534
1.9539
-2.2226
1.6150
2.7658
-1.2799
-1.8184
3.4602
-4.7927
-1.1072
0.5471
-2.6367
-2.1274
2.6136
2.9641
1.3750
-2.2881
-2.7235
-2.2587
-0.5861
0.0859
2.1793
-3.7395
4.2142
-1.6774
2.5911
-2.1231
0.4485
-2.6122
-2.7820
-3.5571
-0.4562
-1.4508
-2.8528
-1.8491
-3.4245
1.3469
0.7272
-2.9441
0.0504
1.6438
2.2039
-1.9945
-3.2388
1.3433
-3.7040
2.3586
1.2900
-3.3422
-4.9747
2.4634
-1.8896
-2.1825
4.2887
-1.7384
1.0046
-1.4776
-2.5020
-1.4815
-2.1126
-2.5526
1.9807
-2.2809
-2.2863
-1.7818
1.6227
-2.0772
1.8560
0.8601
-2.4849
3.2716
-4.0708
4.0814
2.1947
-2.4986
-1.5313
1.4619
2.3088
-2.0772
-2.8525
0.4650
1.8887
0.6547
2.8312
2.0523
-1.9261
-2.4475
-2.1943
-1.4580
2.5573
1.4990
4.4316
-1.9977
-1.5256
1.3284
-1.9716
0.6920
-2.1097
-2.1003
-1.7931
-1.4407
3.2820
1.3771
-1.7124
-1.6507
4.3141
1.9530
-2.3816
-3.2723
-2.3304
-2.1643
-2.4664
-1.9099
-1.9278
-0.9172
2.1800
4.1843
1.3366
2.2593
-3.8067
-2.4464
2.2622
2.2189
-3.1284
-1.1884
-2.0072
-1.7543
1.5112
2.5836
-2.6670
1.0369
-1.9904
-1.7117
-3.0204
-2.3514
-0.7151
3.4811
1.6982
-2.1546
2.3120
0.4761
0.6091
2.5955
-2.4334
-2.5453
1.5335
-1.6743
1.9273
-2.1706
-2.7905
2.1818
1.3420
0.8117
1.7567
4.5818
-2.1206
1.9922
-2.8705
2.0056
1.3417
-3.0735
3.4420
-2.3882
-2.3675
1.7003
-1.5561
1.1337
-3.1741
2.2164
-1.4638
-1.9688
-2.3797
-1.8707
1.9347
-2.0388
1.7282
-1.2789
-1.8580
-4.4109
-2.0785
2.0371
1.7424
1.5382
-3.1157
-1.7492
2.6320
-2.0666
-1.7081
1.8839
-4.3683
-1.9907
-3.0952
-1.8643
1.6782
-2.7751
-1.5119
-2.5434
-2.7308
-2.1619
-1.5948
1.5853
2.4466
0.9203
1.0826
-2.5976
-4.7155
-3.0532
-2.8427
-1.7104
-1.6844
2.1756
-2.7200
1.5485
1.2671
0.9563
2.8889
-3.3521
1.9771
-2.6952
2.0096
3.1458
-3.4868
1.9150
-2.2572
-2.7103
-2.3804
1.8142
-2.3867
1.8072
1.8316
-3.1083
-2.1917
-0.0932
2.0592
2.8853
-1.2035
1.4346
-0.9993
1.4735
2.5037
1.5406
-2.7468
-1.7022
-3.3896
-2.5405
0.8464
1.5696
-1.3668
-1.7562
1.4794
3.5023
-2.3550
-1.7931
1.4383
2.5330
1.4994
-2.6090
-2.6996
4.0908
0.5645
1.6056
1.1033
1.2980
1.0359
1.6542
-4.4757
3.7036
2.2744
-2.4729
-0.5345
-1.3297
1.6525
-2.5166
-2.4527
-2.5049
4.0291
1.2571
-2.2228
2.6671
1.7874
1.6389
1.8476
1.6102
0.3494
-2.5273
2.1872
2.3234
1.3259
-1.9105
2.1581
-1.7655
1.9837
1.3001
1.0257
-1.4130
1.2031
1.9016
-2.8935
1.9059
2.4994
-1.5394
-1.6568
-3.9223
-2.1881
0.4680
-2.3239
1.8281
1.8671
-2.7843
1.0924
-2.5254
1.7050
1.3031
-1.5179
-1.4989
-4.1632
1.5644
2.1889
-2.6763
-2.0595
1.4866
3.0195
1.5602
1.6641
-1.8270
-3.6107
-0.5653
-1.5049
2.5602
-2.3601
-3.7883
-2.4502
1.5631
2.2031
-2.5320
-4.8864
-1.5493
1.0220
-2.4246
2.1829
1.2870
-2.0571
0.9747
-0.0100
1.1051
2.2653
-2.2162
2.8022
-2.3837
1.0038
-1.3773
-2.5778
1.7521
-1.6444
1.5543
2.7353
-2.5362
-2.6508
2.2342
-1.9377
0.5114
1.9221
-2.1755
3.1471
2.6928
2.1553
-1.0196
-1.4876
2.1284
-2.5772
3.5044
0.5007
-3.0536
2.0081
-1.8242
2.2681
-0.1232
-1.8126
0.7137
-1.7529
-2.2906
-2.5150
3.4574
-0.0189
-3.0072
-0.9768
4.7453
-4.6835
2.9536
-0.4790
-0.0696
-2.7230
1.1022
-2.4551
-2.0627
-2.3475
-2.0395
-2.0040
-1.8278
1.4792
-2.6140
-1.5468
-1.9467
3.4717
1.3560
2.1022
-1.9562
-2.2474
-1.3850
-2.0772
-2.2763
4.7979
3.1260
-4.1408
-1.6821
1.2438
-2.0978
-1.9218
1.4759
3.5004
-1.8009
1.6666
-1.2728
2.4144
0.8002
2.0179
-2.2178
-2.3559
-2.3652
-1.9321
-4.7403
-2.1253
-2.7927
-2.0374
2.9179
2.5073
-2.7870
2.5010
0.3159
-1.6581
-2.3588
-1.8526
1.3888
2.2743
-1.4842
2.0414
1.2158
1.1536
-2.3800
2.0522
3.6447
-1.7490
3.2931
1.8791
2.0340
3.1243
-2.7971
-2.7160
-2.7445
-2.9872
-1.8168
-2.9601
-1.6605
-2.1516
2.6652
-2.6966
-3.2881
2.7858
-3.9253
-1.5166
-1.5653
1.1467
1.6523
-3.0276
1.6499
-3.0932
2.3776
-2.6032
-2.8605
0.9600
-2.9051
4.2055
-3.4599
1.4765
2.2639
2.2741
3.1050
1.7905
2.1514
4.9849
2.4928
2.7438
2.0714
-2.4673
-1.9476
0.2192
-1.9462
-2.1547
-2.7890
2.8848
-3.9988
1.8889
2.2353
4.4120
-2.1344
-3.8608
2.3924
1.6889
2.2895
-2.2167
1.5243
1.0568
-2.9478
-2.3374
4.3101
-1.9157
1.1296
1.5004
-4.5223
1.0359
1.7571
1.4029
0.4604
1.5341
-2.2789
-1.6930
1.6868
4.6919
2.6329
2.5541
-2.4394
-1.9440
1.3095
-2.3578
1.1274
-1.7748
2.4076
-1.8294
1.5253
-2.0325
1.7794
-1.7534
-1.5832
-4.0706
1.4074
-3.1240
-2.0023
2.0261
3.1121
2.6517
2.1363
1.6357
2.1223
-4.1999
2.5811
-2.2391
-2.7708
-2.7174
-1.8300
-4.4032
-0.5017
-2.2467
-2.3527
2.7763
0.5707
-1.8138
1.6286
-2.1847
-1.6936
-2.4704
0.8091
2.5624
-0.7433
-1.8448
-2.4084
-2.1379
4.0336
1.7072
-2.0162
-1.3775
1.9543
-1.7370
1.3921
-1.2087
-1.7636
-2.2721
-1.4314
-1.5755
-1.8941
2.1577
2.7761
-2.8540
0.9314
-2.7283
3.8517
-3.4727
0.8899
2.6605
-1.9337
-0.5579
-4.8840
1.7715
-2.0222
0.7115
-0.2198
2.4542
-1.3862
-0.7907
2.0797
-2.5522
-2.8550
-3.3698
-2.5582
0.1147
-1.9129
2.2941
1.8618
-1.1095
1.8696
-1.7207
-2.6843
-2.0588
0.6492
1.0892
-4.7655
-2.0698
-2.6811
2.6011
0.1363
3.5808
-1.6680
-2.6686
-2.5330
-2.6127
2.1505
-1.7398
-2.8882
-1.9559
0.9309
1.8340
0.9399
-1.7751
0.9197
-2.2161
1.1907
-2.3776
0.8685
4.8150
-2.0180
4.8280
-2.2259
1.6436
4.2885
-1.5735
-2.5718
-1.9714
1.2846
-2.5968
2.5086
1.5948
-2.4112
-1.0356
2.7565
0.4601
0.8033
1.5993
3.4900
2.1326
-1.8931
2.4377
-1.9355
1.0447
1.1573
-1.5348
-2.2304
1.6527
1.9241
-2.2975
-3.2862
-1.8647
-2.7296
-3.8967
-1.8279
-2.9601
3.8829
2.9119
-2.3623
-2.3240
-2.5554
1.7373
-0.9438
2.4875
-2.5577
2.0318
2.3856
1.8801
-3.5645
1.5952
-0.9433
-2.2505
2.4114
3.8654
-2.2937
2.0816
1.8199
2.3956
-2.5485
2.9673
2.4407
1.6082
-2.1257
-1.3236
1.6576
0.5501
1.7934
2.7917
0.2474
-1.5785
-1.7001
1.8052
2.5976
2.1767
2.2239
1.9155
2.3551
2.2097
-2.8529
-2.3650
-1.1337
1.4283
0.9524
2.6384
-2.0738
-3.0982
2.2851
-2.3467
2.1719
-2.2689
2.0936
2.7205
2.2605
-1.1417
-0.6248
4.1504
-4.5938
-0.8916
-0.7495
1.4392
1.8704
-2.2038
0.9777
1.1547
-2.2049
2.7850
1.2711
-2.4537
-2.2863
1.7307
1.8412
0.5758
-0.9473
1.6550
-3.1211
1.7592
-1.6519
-4.5909
1.7683
-2.3217
2.2653
-1.0355
-3.0495
3.3226
1.5711
0.9427
-2.2242
-2.3826
-1.6382
-2.9005
1.6297
-2.8619
0.0059
0.6975
-1.0291
1.1828
1.5521
2.9030
0.6457
-3.7787
-1.8462
-2.8564
1.5842
-3.0522
-0.6779
4.0156
-2.4693
-2.1822
-2.3420
-1.3888
-1.7127
-1.5203
-2.2698
0.7948
-1.6128
2.0573
1.8809
-2.9617
1.0974
3.9046
-2.6504
1.1127
-2.1359
-2.2026
1.5285
3.0229
1.6133
1.0017
1.0592
2.0343
-4.2642
0.6364
1.3843
-3.0309
-1.7609
-3.6387
-1.7050
-1.7202
0.3824
-1.8756
1.8294
-1.8457
-2.5076
-1.8272
2.8793
-2.7747
-0.0902
1.2434
2.7120
-1.5767
-2.3955
-2.7111
1.2686
-2.4695
-3.1760
1.0284
-3.1938
-2.5620
-4.4851
1.3657
1.0593
-4.1703
-1.7226
-4.3885
2.1877
2.7076
1.0973
-1.7669
-2.0779
-3.1195
0.9027
1.6042
2.1462
-1.8303
1.2009
-1.7986
-3.9138
-2.5697
2.5325
1.2207
0.4813
3.0574
1.6217
-2.4594
1.8128
2.3036
-3.5517
-2.7751
-2.8186
3.0291
-2.0268
-3.9926
-2.3653
-1.8546
-1.8426
-1.8259
-2.9978
-2.3539
-2.0605
3.2596
2.1504
-2.2746
2.6701
-2.0490
2.1477
2.0887
1.6469
-1.8250
2.2170
-2.7231
-2.5407
4.5239
-1.7986
-1.9077
1.7426
-2.3545
-0.9019
-1.6069
-2.7551
2.6729
1.7579
3.4040
-2.7056
-2.4528
1.8323
-2.4595
4.6743
-1.2761
4.5419
-2.5865
-1.6385
2.1725
-1.0556
-0.1549
-0.9987
3.0149
1.0548
-4.2095
-2.5288
-1.2692
-1.7095
2.1664
-2.1231
-1.9561
-1.6696
1.1146
1.7746
0.8399
1.6726
-1.7622
-1.7949
-1.1736
4.2387
-1.9335
-2.1783
-1.7182
2.9252
-2.3530
-1.7278
2.3501
-1.9893
-3.0329
1.7332
1.4672
2.9243
-2.2086
2.2502
2.1024
-2.0275
3.7666
-4.3949
1.9606
2.8889
0.3166
4.4166
1.3861
-1.7745
-2.1902
-2.2886
4.4994
2.1555
-1.3745
3.3327
1.0099
0.8585
1.8980
-1.5532
-2.5022
2.5236
-2.7134
1.2136
-1.1437
3.3277
-2.6685
2.0344
-1.7527
-2.3927
2.2107
0.7693
2.6101
-4.0555
-2.3798
-3.0476
2.2818
3.0674
-4.4070
3.4687
-1.7626
1.8037
-1.6056
-2.1743
-1.9036
-0.1129
4.1186
-4.5112
3.2944
-0.9028
-0.8140
1.9084
1.0671
-0.2974
1.7654
-2.1776
1.1215
-1.2427
1.2051
-2.6232
-1.6451
2.3703
-2.6115
-0.1460
1.9604
1.8038
2.0418
4.4365
-1.6790
2.1343
-1.8363
-2.7964
1.1360
4.1435
-3.2065
-1.9867
-2.1213
-3.2702
-1.8683
1.8663
0.4612
2.4849
-1.8024
2.7552
-2.2888
-1.7605
2.8308
2.2449
-2.2341
3.9067
2.3455
0.3355
1.4119
1.6312
-0.8833
-2.0850
2.9925
-2.0382
-2.5643
1.9226
2.7062
-2.1367
-2.1194
-0.0711
-3.2828
-2.6851
-0.2843
4.0590
-1.9028
1.0105
1.3653
2.7005
-2.6947
1.3627
-2.6162
-1.6388
2.2418
-1.3371
1.5013
-2.2262
-1.7900
-1.9011
1.1246
-0.4308
1.2823
-4.7922
1.8188
1.9576
2.4854
1.4034
-1.9503
-0.2263
-2.7163
-1.6017
-1.9029
2.9095
-2.6606
-2.2876
0.9138
3.1044
-4.3394
-2.1197
-2.7410
-1.9076
4.8266
-2.4188
-3.0302
-4.5369
-2.0488
2.1201
2.0487
-1.3108
-2.8896
-2.0009
-2.0922
-2.2958
-2.7415
-1.5299
1.1577
1.4124
-2.2332
-1.7639
1.8568
-2.5454
1.9966
1.2340
-1.6006
0.9420
1.2187
1.9440
-0.7532
-2.6081
2.7866
2.0788
2.4114
-1.7594
-2.0035
1.6254
1.2642
1.1546
-2.2250
-2.1577
1.8815
2.3165
-1.8601
-0.5674
-1.9113
-1.9247
2.3332
3.3531
-4.1907
-1.9023
2.2014
1.7653
-1.8263
-2.6928
-1.7201
-2.1661
-3.3515
-1.7186
-1.8689
1.4946
1.7437
-2.8157
1.9583
0.8253
2.0856
-1.2741
-1.8520
1.8458
-3.3429
-2.7388
3.3628
0.7012
-2.3567
0.2410
-2.8452
1.9841
-1.9911
-2.5895
-2.0291
2.5133
-4.6623
-2.7124
-4.9474
1.7754
-1.6781
-2.8154
1.0013
-1.6381
-2.2230
0.2769
-2.9900
-2.8390
-0.9844
-0.5785
-2.3924
-1.5249
-1.4124
2.2923
1.5308
-2.1929
-2.8636
-3.1534
2.3435
2.0751
-2.7604
0.3435
1.6893
2.7597
2.5152
2.3263
4.5800
-1.7892
0.6641
-2.6671
4.0869
-3.0405
-1.7950
0.8194
1.9014
1.6284
1.5960
-1.6221
-2.1342
2.2331
-1.9331
-2.3387
1.6150
2.6902
3.7049
-2.5375
2.5015
-2.6752
0.5791
-2.5684
0.7045
3.1730
-4.0810
-3.1730
1.8140
-1.6491
1.0284
-1.6788
1.2104
1.6588
0.0869
-1.9444
-1.8072
3.0547
0.8250
0.7397
3.7138
-1.4202
-2.6108
1.6331
-1.5318
2.6920
-2.6814
3.2035
-2.3711
-1.4418
-3.2799
0.5931
0.9691
2.6708
2.5871
-2.6225
-1.5816
-2.9011
-3.0712
-2.2474
-4.1660
-2.6032
4.6714
-2.7776
2.9509
2.7295
-1.6921
-2.3395
-2.3707
-2.7097
-3.9770
-2.9804
0.5356
1.2923
2.7422
1.4694
-1.1710
1.1204
-2.9032
-2.0609
-2.1646
1.9006
-2.2551
-4.8606
3.8325
0.1081
-2.4188
2.0665
2.0600
3.5130
2.8597
-1.0808
3.0746
0.4696
3.1983
1.3287
-2.6041
-2.7423
1.8699
-2.4812
1.9268
2.4680
-2.7891
2.3501
-1.3858
4.0009
-2.2389
-1.2061
2.7434
2.1041
1.4075
1.9080
4.1303
-2.0512
0.0684
-4.8009
2.3164
1.0972
2.4061
1.1664
1.5536
-1.5453
1.8911
1.9906
1.0275
2.0606
3.6469
-4.5020
-2.9101
2.3521
-3.0476
-4.2777
4.7685
-1.9166
1.7680
-2.5741
1.5868
-2.4570
0.4530
-0.4613
2.7184
-1.9810
-3.3925
-1.9438
-2.1631
1.3771
-0.8279
1.8462
-2.1478
-2.0241
-2.5120
2.0074
1.8405
1.6703
2.5390
-1.9820
-3.2720
-2.0428
1.9041
-1.6018
1.3445
1.6082
4.7022
-1.5929
1.6084
0.6585
-2.8404
-3.2955
3.4150
-0.4138
2.0550
2.5037
3.2396
1.5886
0.8929
1.9054
1.0037
3.0000
-2.6216
-2.9012
-2.1870
-1.9253
2.0807
-2.5692
2.5511
-2.5189
-3.0465
-4.2219
1.6650
-0.8049
2.4270
2.6403
2.3897
2.6772
-1.5478
1.7386
-4.2573
-1.8311
1.5657
-2.3627
-1.4309
-1.1292
3.3391
1.7473
4.9454
-0.2313
-2.8184
0.1781
-3.1431
-1.1505
1.3614
1.6833
-2.6942
-2.5699
-3.1190
-0.1528
0.1511
-2.2237
-2.4049
-2.5529
-1.5903
1.7835
0.2283
-1.9851
-1.6547
-2.4276
1.0544
1.2120
-1.6196
-2.8115
-1.7228
2.3689
-1.7570
-2.1549
2.8326
-2.2175
1.2106
-0.1996
-1.6439
-2.0517
-2.0497
2.8451
-2.2526
-1.9521
-4.2556
-1.7288
-1.8681
1.9929
-1.5547
-2.5534
-0.8141
-2.5213
-1.9737
2.5535
4.4215
-2.5913
3.3346
0.6509
1.2806
-1.8477
1.5054
-2.4744
1.9248
-2.8621
1.8838
-2.2052
3.3926
2.0841
1.6891
1.7728
-1.9297
0.5838
-1.7719
-0.4158
1.7342
1.5260
2.1843
-2.3434
2.3442
-3.4651
-4.1801
2.9733
-2.1891
2.2707
2.3109
-2.3187
-1.9981
-2.1223
-0.4274
-1.6359
1.8214
-2.0030
-1.6976
1.7744
3.0779
-2.6869
-1.6090
2.1783
1.9984
2.4948
0.9768
-0.9574
-3.0918
1.9644
3.8163
-2.7180
-2.1184
2.0198
-2.5280
1.6395
-0.0182
1.4719
3.2608
-2.7009
3.8002
1.9405
-3.1239
3.2832
-2.1840
-3.4070
-2.0229
1.8130
-3.1687
1.8062
2.2558
2.0219
-1.8296
-2.8455
1.0572
2.3274
1.9407
-1.2618
-4.0692
-1.4813
1.7906
-0.5293
-1.6885
-2.7049
-1.5946
-2.9896
-2.3010
0.7514
-1.8110
1.7555
-2.7186
-1.9757
-0.3518
-2.9432
0.1290
-1.7102
1.0649
-1.5016
-2.4191
2.7354
-1.7331
-2.0019
-2.0596
4.8235
-3.0814
-1.9804
-2.2534
2.2026
3.5973
-2.0527
-1.5852
2.0308
-2.6708
-2.2320
-2.1738
-3.1089
2.8311
-1.4921
-3.6759
2.3727
-1.6974
-2.7129
1.4812
-1.8970
-1.3145
-2.7973
-2.2884
-4.3524
2.3267
-1.7228
-2.6605
1.8030
1.9410
2.5026
-1.8214
-3.2248
1.2315
3.3200
1.9989
4.3409
-1.9689
-0.4881
-2.6762
-2.3214
-1.3022
1.9955
-1.9584
2.9739
1.1034
-2.0428
0.0111
1.5648
0.8930
-3.4061
-3.4068
-2.4349
-1.7393
1.5299
-1.9267
-1.6692
1.3608
-4.8918
-2.6739
0.0680
2.1539
-2.1089
2.8177
1.3008
-1.6262
1.3311
-2.2205
-1.4959
-4.8632
0.3073
-0.8534
-3.1099
1.7398
1.6983
-1.2734
-3.1390
1.1908
-1.5010
0.6339
2.6619
2.6162
1.0664
1.8998
1.7550
2.7095
0.8739
1.5166
1.8478
2.3429
4.2187
-2.7591
-2.9509
1.8376
-1.9337
1.8243
2.4412
-1.2772
-1.7199
2.4649
1.2374
1.3350
2.3035
-2.9929
-2.4500
-1.5268
2.1886
-2.8496
-1.8120
-2.0217
-1.7851
0.8467
1.6070
3.2185
-2.4598
2.2211
0.9099
1.0855
-1.7421
-2.3113
2.4148
2.1052
3.1602
1.6855
-2.1737
-2.4084
2.7286
-2.0150
-4.6476
2.7550
-1.7315
-2.8563
2.5074
2.4562
1.6824
3.2747
1.5658
-3.3956
-2.1824
-2.1513
1.1203
-2.6212
-2.6993
-2.6517
-1.3523
-2.3177
2.8062
2.7189
-2.6449
1.9430
2.7834
-2.1487
1.4581
-1.6926
0.9915
0.0119
-1.5387
-2.6865
0.4640
-1.9911
3.1987
-3.4389
-2.5353
-2.4024
1.5236
-1.6349
-1.6056
-2.3561
3.9082
1.7295
0.3541
-3.8000
-2.5710
1.5086
0.5499
2.1994
-2.4277
1.4932
-2.9225
2.1511
0.0500
-4.2686
-2.2424
2.1230
2.6943
2.5504
0.5994
-2.5899
1.8910
-1.9016
-2.8846
1.6511
-1.8540
3.6842
2.0077
0.4442
-2.1803
2.7802
3.5583
1.8125
2.4914
-1.7916
-2.2468
1.3397
3.8124
-4.9979
-2.4715
-3.9705
2.3398
-1.6043
-1.3882
-4.9884
-1.9451
1.6618
1.1808
-1.9430
1.0984
2.2897
-2.0112
-2.2199
1.3983
-2.1855
2.7017
2.9335
-0.5696
2.6232
2.8429
2.1794
0.6483
-1.8073
0.0229
1.8408
-1.5665
2.8768
4.9389
2.0852
2.2179
-2.6281
1.4745
-2.2460
3.0028
-2.4945
-1.7704
1.0805
3.9586
0.5023
1.5965
-1.7348
-1.3520
-2.5959
1.3612
-1.5589
-4.7290
-1.8723
-2.3777
2.7941
0.7866
1.9617
-2.3534
-2.4383
1.1886
-1.4672
-1.8100
-2.2777
-2.3841
-1.9220
-3.3957
-2.0988
2.6954
-3.4004
-2.4452
2.6166
1.1182
4.4005
1.3044
-2.7172
-2.5848
3.6113
0.9796
-3.0133
1.2057
1.5666
-2.8392
-1.4585
-3.9916
2.0813
-2.9839
2.6080
4.7971
-1.9019
2.2111
-1.8237
3.7048
-2.3996
2.0771
1.0594
1.3856
-1.5161
-2.6323
-2.1299
-2.7304
-1.7059
2.1594
-3.1307
0.9756
-2.0304
-3.1553
1.4363
1.9173
-2.5530
1.1752
0.0366
0.2524
-2.4560
0.4785
-0.6612
0.3483
-3.3432
-4.2533
-1.3659
1.5478
-2.7827
1.6630
1.6782
-3.6085
-1.6827
3.5433
-2.1003
-2.0419
1.0972
2.2810
1.7208
-2.0775
1.6103
-1.5281
2.3358
1.9019
3.5155
1.0945
2.4890
-2.3049
-1.7907
2.3715
-1.9106
0.6024
-2.6901
-3.6176
0.7021
-1.7910
0.5062
-2.8130
0.9605
-2.8983
-1.6714
-3.1745
1.5961
2.0266
0.8977
4.8921
-2.6385
2.2645
0.4226
-2.2635
3.8679
-4.2207
1.5592
1.8494
-0.0860
-1.7260
3.8070
1.8241
-3.5001
-2.5325
1.0154
-1.5402
-2.6709
1.7047
2.5654
-1.9362
-1.8672
-1.1584
-1.8692
-2.9217
-3.0254
-1.9041
-1.4707
-1.9276
2.4669
1.9527
4.3826
1.6885
2.0630
1.6497
1.3822
2.0621
0.5228
-1.1780
-1.4862
2.0652
-1.8674
0.3289
1.7078
-3.6228
2.1291
1.0970
-2.2779
1.5328
-2.6924
-2.0249
-2.1560
2.9226
1.2692
-3.2535
-2.1106
-1.2533
-1.7722
-1.5235
-2.1468
0.8981
-1.9920
-2.6701
-1.6811
1.3727
-0.8902
-1.8081
-3.0548
-1.8900
-4.1446
-3.4434
-2.2574
2.1112
2.0858
0.4410
-4.8299
1.7837
1.3904
-1.4789
1.8145
4.9706
0.8023
-2.1144
2.4501
-1.7595
1.7841
-3.1864
-2.4851
2.2290
-2.3202
2.9884
2.0795
3.1240
2.7963
2.1746
2.4888
4.6636
0.6444
3.8992
1.5056
-1.9830
-2.7470
1.5529
-2.2021
1.7557
-2.6212
-1.7479
0.2031
-2.0321
-1.7914
1.5754
0.4675
2.5456
-2.2834
-2.2481
1.7065
-2.1658
-2.4217
1.1662
-2.3412
2.8218
-1.9107
-0.8908
2.2816
1.0421
3.4076
-1.4158
1.8102
2.1130
2.5008
-1.2912
3.1669
-2.2882
3.6786
-2.3185
-1.5712
0.6528
1.0689
-2.8413
0.9928
-2.5553
-0.3654
-1.9482
-2.6425
2.4730
-2.0188
1.2198
-2.5972
-1.4757
1.5021
0.9087
-2.6031
2.6365
2.7205
-2.2529
1.7647
-2.5056
1.6564
-1.5411
0.5250
-1.7287
-2.2093
2.0126
1.3048
-2.2524
2.3705
2.9823
-1.9336
-1.5713
1.9255
-2.7697
-2.3756
2.2244
3.0770
1.9697
-2.5919
3.0029
1.1749
1.3784
-2.1759
2.2220
1.0319
1.7066
0.7370
-1.7706
1.8581
-1.7469
-3.6771
-1.9370
-2.6338
-2.7977
2.2341
1.3355
4.5417
-2.5551
1.7730
-4.4835
-1.5316
-1.8863
3.9484
3.0191
-2.6753
1.8014
0.6962
-2.1934
-2.1373
-2.2787
-1.7597
-2.4583
-2.5018
-1.2947
1.4741
-1.6347
-0.8155
0.8964
2.0561
-1.4552
-1.3751
-2.5657
2.8995
2.4570
-2.0370
-2.5305
-4.7531
-1.7854
-2.5700
1.9185
-1.9397
-2.3438
-1.6424
0.9737
2.0939
-2.6829
3.2105
1.5426
1.2890
-3.7213
0.9843
2.1043
-2.1727
-2.3771
0.5852
-0.0479
-2.3151
4.9380
1.1696
-2.0500
-1.5908
1.5189
-2.5567
2.7903
1.7387
-3.9462
-3.0777
1.7022
1.4199
-2.5145
-2.2500
-1.7090
-1.9001
1.7719
1.2598
2.3981
-2.1047
-1.5871
-2.3600
-2.7740
4.1885
-3.1568
-2.5812
2.3807
1.8405
2.6423
-1.6631
-1.8850
-1.3512
-1.6177
-2.3390
4.5395
-1.6220
1.0093
-1.7377
-1.9121
-1.8781
-2.7636
2.0694
-1.4924
2.7456
2.7126
-2.5467
-1.9546
-2.2153
-2.0765
4.4497
-1.6638
-2.1048
-1.7835
-2.3150
2.3489
0.6445
1.9766
-0.9451
1.9123
-2.3525
1.3394
-4.6337
-2.3799
-4.5902
-2.0962
2.2853
-3.6219
4.6560
-2.5961
1.4889
1.7881
-2.8935
1.4657
-1.9552
-3.8768
1.1382
-1.9482
-1.9850
-3.0012
1.3343
2.4770
-4.8864
4.3432
-2.5053
-2.8422
-2.2907
4.2236
-1.4051
2.3296
-2.6375
2.2834
2.0683
-2.0717
-2.1745
2.2130
1.5187
1.9399
-1.9767
-3.1274
-1.9184
-1.9110
-3.3746
1.4014
-1.6067
2.0691
1.7921
1.7831
-1.8442
-0.9757
-3.1070
1.8489
-3.0735
0.9196
-2.5821
2.0427
2.5535
-2.3424
-1.8702
0.8420
-1.5759
-2.6811
1.4648
-0.2133
-2.6027
-2.1428
-2.3106
2.6962
-2.3675
0.8097
1.9993
-1.8762
-2.7441
2.0975
0.6078
-2.7787
-1.7629
-2.4853
0.0278
-1.7734
-1.1333
-2.2694
-3.9642
1.8681
2.7300
3.1927
2.0384
-1.8830
2.0824
1.6855
2.0905
-2.1303
2.2825
2.0326
2.5323
-3.5968
2.4680
-2.0328
4.3186
-0.1738
0.9980
0.1480
-1.5363
-2.2627
-3.1629
-1.7046
3.8826
-3.6682
-2.5487
1.0590
3.0485
-1.7793
-1.9093
-4.3721
4.6217
2.1749
2.6147
1.8358
-1.9419
-2.4205
1.8974
-3.6289
2.4009
-2.6472
-0.4223
-2.3975
2.1684
2.0556
-1.3545
-2.2366
2.1351
1.8076
-1.5623
-1.9381
-2.8575
2.0842
2.1728
-2.2354
-2.6673
-2.9088
0.5797
4.6553
-3.4824
1.2983
2.9512
2.5764
1.4763
0.3908
0.0912
1.8239
2.3103
2.8841
2.1295
-2.0485
-0.8937
-2.6693
-2.0010
-1.4041
2.6108
-2.1555
0.6827
-0.7414
1.5194
1.8376
1.5813
-1.8645
2.1410
1.3690
1.5501
-2.1551
2.7259
-1.7673
-4.9500
1.2559
3.8665
4.9057
-1.8929
2.4646
2.4829
-0.1093
-2.1078
0.3477
1.3094
0.7559
-2.3789
-2.4474
2.6417
0.0182
-1.8236
4.1777
0.1474
2.6516
-2.4674
0.9742
-4.0220
1.7225
2.4808
-2.3538
-2.1931
1.1708
-2.3492
1.7235
-2.5065
2.1878
-2.6955
1.8446
-2.8074
0.4412
-2.5692
-1.2826
1.4865
-1.6086
2.5354
4.0925
-2.2114
-2.4409
-1.4160
-3.1866
-2.1661
-2.5362
-2.5762
2.0338
-2.1788
-2.4842
1.6598
-2.1399
1.8577
-2.4849
-2.6387
2.4413
1.4640
2.8018
-3.0160
1.8990
2.5290
1.8861
-1.8633
1.8005
-4.4906
2.5576
-3.1994
-2.3482
0.4440
2.3552
-1.7813
-2.9583
3.4066
-2.4052
1.6692
1.8872
2.2209
2.8526
-2.3481
-1.8568
-2.3625
2.4380
1.2666
-1.5496
-1.9256
1.4276
-1.1278
-3.6468
-2.6732
-1.8714
1.2724
-2.0059
-2.5792
-2.2765
1.8006
2.1538
-2.8425
-2.4248
2.1139
4.1124
1.4297
3.3828
-4.8930
1.2775
1.2090
1.9382
-2.2212
-1.4843
1.6382
-1.5902
1.6144
-1.9309
1.5101
1.6121
2.6126
0.7023
-3.5016
-1.6323
4.9467
1.4225
-2.0461
1.2760
-2.3834
-2.5983
-2.3556
-3.0758
2.5539
3.3219
-1.9608
2.0981
-1.7700
-1.9601
1.0651
-2.1998
-2.0706
-1.7043
1.3679
-2.6553
-1.3889
-1.8178
1.8966
-2.8216
-2.0122
-0.1332
1.8174
-4.5802
2.3696
3.4123
0.7475
3.0914
2.3925
-0.4272
-2.1245
-2.3067
-2.3294
-1.6647
0.5678
0.9574
2.8222
2.2815
-2.3509
-0.0516
1.0785
4.1846
-2.8519
-2.2803
2.6546
2.2409
-2.0535
1.3739
1.6831
-0.5480
1.8681
2.0495
1.0117
-2.9750
-2.0823
-0.9735
1.9030
-2.6516
1.2015
1.5963
3.3191
-3.0173
-2.2641
1.3882
-2.1591
2.1449
-1.8080
-2.3364
-0.3009
1.2931
0.5387
-2.8240
-2.7888
-2.5144
-2.2249
1.1600
1.1950
-1.9716
-1.6796
-1.6602
-2.1525
1.9722
-2.2543
1.5044
1.9254
1.0066
1.8930
2.4923
2.8262
2.7497
2.7602
2.1858
1.5346
-2.0219
-3.7664
3.1575
1.9531
0.5504
-1.9576
0.8763
-3.2059
-3.0521
-2.0263
0.2492
2.2349
-2.1337
-1.7382
-2.2663
0.9546
2.7953
-1.8360
2.3811
1.4505
1.1671
-2.0416
-1.8328
1.8327
-1.5909
-2.3557
2.5960
-1.7445
1.3803
-2.9173
-3.1022
-4.5301
0.9086
1.0724
1.9368
2.7422
-1.9390
-1.9061
1.5870
2.1456
0.9948
1.5813
1.8536
2.4205
2.6219
-2.9123
0.7944
-1.1886
2.9883
-1.4645
-1.8715
-1.0879
1.3437
-2.5912
-0.5794
2.0731
-2.9512
-3.6337
-1.5376
2.8551
1.4129
-4.1518
2.6985
-0.9572
2.5660
1.5178
2.0676
3.3803
-2.3817
0.2239
-2.4200
-2.2630
1.8343
-1.4644
-1.6139
1.1673
1.8969
0.3808
-0.9809
1.2136
2.0235
-2.3340
2.8695
-3.3014
-4.5201
-1.5303
-2.5523
0.1319
1.3485
-1.6839
-2.1942
-4.8130
1.2233
-3.0754
-2.6999
-4.8524
-2.3039
1.8726
3.0940
-3.3380
-3.4691
-1.6939
-2.0757
3.9701
-2.2095
-2.2473
-1.7653
2.9441
-2.9714
2.2453
-2.0719
-2.0618
2.0251
-1.6138
-1.7517
-2.5290
-3.5948
-1.7167
1.8937
-2.8993
2.1572
3.4995
-2.2504
-1.4559
-2.1789
-2.8916
2.1173
2.2550
-2.2513
-1.8897
1.7988
-2.9895
-2.2621
1.7771
0.2970
-2.3769
1.6074
-2.3296
2.1904
2.4773
4.7478
-3.8536
0.8449
-2.1626
-2.3838
-2.7343
1.9140
-1.3906
-1.8179
2.2968
-1.5857
1.0067
2.2445
1.6850
-2.1832
-1.5937
0.7671
3.2470
-1.9615
-1.3931
-2.2716
-0.0994
1.3484
-2.7060
1.9991
-2.9196
4.2694
-1.0540
-1.4727
-1.9291
-2.0244
2.1840
-0.4653
-2.0922
0.9251
-2.6158
1.4174
1.2233
3.4059
3.2097
-2.9018
-2.4620
1.4262
-2.6784
-1.3274
-1.8953
4.3079
0.6875
1.0243
2.2540
3.8558
-1.6703
-0.2719
2.8658
-1.8988
2.3961
-4.9668
-2.2977
-3.3456
-2.5260
-2.6708
2.3178
-2.4598
3.1735
0.9230
4.9037
-1.8097
-3.1279
-1.9776
-1.9575
-2.3001
2.6047
2.2019
1.2282
1.6701
0.8000
3.2948
2.0285
3.8144
-1.9857
2.7702
3.7422
-1.6828
-2.3207
1.5876
1.5830
1.3957
-1.3511
1.9862
2.0931
-3.2473
2.7785
3.2389
3.0315
3.3718
-2.2535
-2.0153
3.8072
-2.0002
1.6029
3.0317
-2.7456
3.9076
-1.8068
-3.0004
2.2882
-3.3613
-2.3378
-1.0737
-1.9838
1.0118
3.0796
1.4351
-1.9579
1.4312
-1.9259
-2.5815
1.8961
2.1851
1.4790
3.5649
-1.5994
1.4188
1.4137
-1.0172
-2.7630
-2.5494
-2.9514
-2.5991
1.5728
-2.1504
-2.2730
-0.8288
3.0327
1.5552
1.6358
-1.8715
-2.1266
-2.1377
2.0299
1.5902
1.5054
2.0965
2.1236
-2.5533
0.2409
-2.5435
0.6237
-2.1764
-2.5824
-0.5709
-1.9784
2.6001
1.9133
1.9072
-2.5910
-1.7396
0.1721
-0.7743
-2.1905
1.3678
-1.9513
3.4182
1.7667
-2.6711
4.3065
-2.4534
-0.4801
0.7793
1.8042
1.8853
-1.8456
4.8594
2.7540
-2.7279
0.3420
-1.8767
0.8126
2.2320
1.1854
2.0869
-3.3620
-2.7656
-0.9297
1.6648
-1.9440
-2.7219
2.2363
2.0069
-2.3123
2.2545
3.4079
-1.9932
-3.4760
-2.2007
1.4350
1.9510
-1.9069
-3.3067
-1.6018
-1.6334
0.3063
-2.4289
1.7100
1.1633
2.6024
-2.5103
-1.9917
3.4299
2.2042
1.6651
-2.0037
1.8319
-3.3583
-2.0439
-3.5349
-1.5685
2.6005
0.8756
1.2314
-3.7893
-1.7946
-1.8019
-2.5679
-1.7831
-1.7314
2.4168
4.6652
0.1533
-1.4658
0.9836
2.0047
-2.1450
-2.0325
3.8571
-2.5315
3.1922
2.3796
3.4146
-2.3955
-1.5754
1.0482
-0.0440
2.7593
-3.5761
-2.3112
2.7178
-2.6865
-2.3258
4.4001
0.2446
1.8765
-2.7508
-1.7864
-1.7055
2.6210
1.4108
-0.0724
-2.9893
-1.9988
-2.3783
1.7277
-3.5388
-3.5143
1.5766
1.3386
2.7335
-4.4281
-2.0150
-2.2967
-1.9723
-0.8391
-2.1654
-1.9701
-1.5610
-3.1281
1.9678
-3.6299
-2.1280
-3.3878
-1.9945
2.9955
4.1140
1.2849
2.8217
2.6446
-2.2911
-0.1887
-2.7615
2.2182
1.1682
-2.3574
0.3524
-1.7147
0.7963
-0.8825
1.3609
-2.6199
-2.9293
1.4401
0.6063
1.0071
-4.7725
1.5099
-1.9900
-0.1064
-3.8306
-2.4938
2.4335
-1.5924
-1.7335
-2.2216
2.3218
1.8299
-1.8775
2.1487
-2.3553
2.1336
-1.1785
2.5313
0.0948
-2.4425
-2.1673
1.1245
-1.3138
3.6836
-1.7935
-2.3842
-2.1751
2.5363
2.2005
-3.1451
-2.0874
2.3971
-4.7729
2.1534
2.1122
-1.6745
-2.1111
-1.3566
1.8659
-4.9385
-2.4951
1.9081
0.7636
-2.3266
1.2907
-2.4429
-1.8535
-2.0564
-2.6795
2.5936
-2.2590
-2.1708
0.2070
0.3818
-1.2358
3.6184
-3.7941
-2.8076
-1.9027
3.3743
1.7177
-2.1670
-2.1745
-2.7483
-4.4327
-2.2155
-1.7844
2.1523
-1.7107
-2.1275
-2.5606
1.9167
-2.9385
1.2708
-2.9283
-0.8678
1.7095
-2.4606
-2.0177
-2.1247
3.8585
2.5689
-1.4076
-2.6871
2.7108
-3.1514
4.9634
1.7698
-2.7122
2.4967
-2.1441
2.0922
-2.3994
0.6158
-2.1619
-3.8778
3.7374
2.1396
1.6886
0.8581
1.8776
2.8676
2.0073
1.6826
1.3672
-1.6708
-2.4121
1.4168
1.0396
2.0452
1.6332
-2.3183
1.8533
2.0852
2.0031
-3.2482
2.8033
-1.5108
-4.1770
-2.3385
-2.2797
-2.1509
1.9810
1.2365
-2.8176
-2.4076
-3.2100
2.6375
0.1750
0.9079
4.3401
-2.3259
1.0590
-2.4429
0.9233
2.6652
-2.5087
-1.6148
-3.0824
4.0464
3.3222
-1.2865
-2.6098
1.2859
1.2861
3.7069
-1.8753
1.1106
-2.1467
1.7113
-2.2360
-2.1165
0.3710
2.0427
2.5222
-2.4443
-2.3240
-2.2859
-2.9338
-2.7786
-4.5801
2.0831
-2.9709
-2.3204
-2.0339
-1.3880
-1.8693
2.2201
2.6656
2.7431
-0.4968
1.1067
-1.5736
-1.1385
-1.9656
2.7315
1.2689
-2.0406
1.1302
1.7572
-2.7763
2.3275
-2.2771
1.1550
0.5539
-2.7687
1.6440
-2.4374
1.5211
0.3377
2.1849
2.4021
-0.6792
-1.8533
-1.2016
1.0950
-1.7331
-2.6187
3.0376
-2.4858
-1.9305
-2.4540
4.0328
1.6183
-2.2012
-1.7402
-2.8164
-1.8704
-1.4963
0.0840
2.4372
-1.6447
-3.0320
-2.4638
-1.9459
2.2705
3.6196
2.8123
-2.9111
1.5358
-2.4375
-3.0780
2.3741
-2.1796
-2.2588
-2.6492
-2.0173
-1.9133
-2.1446
1.7541
-2.0900
-1.8367
2.1065
1.8571
1.6684
-2.6441
2.2391
-2.5102
-2.2018
-2.3866
2.1141
-2.0194
-1.7580
2.6617
-3.0239
-2.8893
3.3385
-2.4224
-0.2450
-1.9786
-3.3992
-1.7770
2.8029
1.0910
-2.7371
-2.4897
1.9760
1.7036
-0.3928
-2.1143
2.3696
-2.3694
3.2121
-1.6560
2.0853
-1.8479
0.9409
-2.4655
-2.0421
1.0584
1.4342
-2.3197
-2.7760
1.1437
2.1418
-1.7769
1.5982
-1.2323
-2.4207
-4.1609
-1.5937
-2.9571
1.3440
-1.9973
-2.0258
0.6888
-1.7740
-3.1305
2.1261
-2.1065
3.8867
-2.6869
-1.3783
-2.7401
3.6035
-1.1525
2.1669
-0.9725
-1.4731
-2.5210
-4.1183
0.8599
1.8197
1.5110
-2.2786
1.9126
-2.9965
2.4131
-1.8572
0.8794
1.7409
2.0186
1.5378
-2.2973
2.1738
2.3741
-2.3431
1.9337
-2.4644
2.4142
2.0779
2.2574
3.8736
1.8725
0.6275
-1.5684
4.7272
0.2402
3.4997
-2.5488
-1.5671
1.3896
1.0008
0.9571
2.1313
0.5365
2.0658
-2.2664
-3.7259
-2.6500
-3.1446
-1.8750
-1.9512
-2.2147
2.2968
-1.4941
-2.7548
-2.0209
1.5465
-3.6123
1.0155
1.4880
2.9858
2.4885
0.5505
2.2758
-2.2490
3.5680
-2.0690
1.1928
-3.1527
-1.8919
4.1345
-2.7507
1.5819
2.3007
-0.2785
1.9366
-3.0530
-2.1082
-2.6173
-1.7371
-3.2565
-2.4153
-2.3180
-1.0599
-2.5965
2.1856
-1.0756
2.6626
1.9780
-1.9578
-1.6835
1.3150
3.1644
-1.8035
-2.5294
1.9212
-4.4622
2.4918
1.6759
-1.7056
1.7277
1.3330
1.4910
-2.8523
1.6356
1.4343
-1.3885
-4.9400
-1.4183
-2.7618
-2.0574
-1.7898
-0.8582
-2.2199
2.5492
-2.0514
2.4961
-2.4546
1.8243
-2.8127
2.9666
1.2170
-2.2668
-2.8574
2.0194
1.5405
1.8739
-1.7822
0.9796
-2.7192
4.0181
1.8704
-2.0730
0.2450
1.6945
-2.2436
-2.6111
1.1514
3.6393
0.2901
1.1086
-1.9122
2.7794
-1.7660
0.9855
2.3848
1.6745
2.4388
1.1233
1.0507
1.5734
2.0870
0.8375
-2.5258
0.9359
-2.6467
-2.2110
2.2463
1.9852
-2.6866
-0.9540
-2.4894
-2.4768
-2.4029
1.5101
1.5890
1.9168
1.3381
-2.1609
-1.7446
0.0761
-1.5982
2.4240
3.7272
2.1586
2.8791
2.5516
1.6283
-2.2526
2.5595
1.6188
0.3129
-2.3987
-2.6470
-2.2480
-2.3632
-2.5971
-0.5448
-1.5888
1.9712
-1.1861
1.7847
-2.5138
-3.2952
1.6409
1.0516
0.7372
2.0495
-1.9722
3.5090
1.7723
-2.5014
2.1652
-1.9720
-2.5650
1.3942
3.4739
2.7728
2.5051
-1.2976
4.9855
1.9805
1.6019
1.5293
-2.1100
1.5785
4.5442
2.4014
1.4458
1.6877
-1.2114
1.4076
-1.9079
2.5409
1.8246
-2.3511
2.6620
-1.2947
-1.7827
-3.3219
2.2472
-1.8558
-1.9492
-2.0370
3.7853
2.7488
-1.8255
1.8356
-1.8938
-2.1189
-2.0534
1.9330
-4.7313
-1.9124
-0.6158
2.2021
0.9864
3.9945
0.4455
-2.1754
3.6865
1.9274
2.0717
-1.6583
-1.6813
-3.0512
1.7449
-1.5275
1.4909
-3.2766
-2.8923
1.8934
-1.9769
-4.2993
1.6767
-2.2644
1.6803
-2.2011
1.4032
0.0453
2.5346
-1.7103
2.6962
-1.7322
-0.3321
-2.0788
0.8850
2.4890
-2.2618
-4.9114
1.8709
-2.7216
1.8747
-1.3035
0.2762
0.9625
3.6572
1.1785
-1.5865
-2.7157
4.4933
-1.8644
3.3739
-1.2241
0.1597
-2.9503
-2.3449
-4.8366
0.6848
-4.1144
-1.3946
1.0199
0.6815
2.4169
-2.0269
1.4449
1.3838
3.2248
3.2551
-4.9989
3.2302
-2.5769
-2.9894
-1.7287
-3.1458
-2.3034
-2.7650
2.2813
2.1379
-2.2930
4.5157
1.8689
-1.8174
-2.4972
2.4496
-1.8770
-2.3853
2.2674
-2.2163
-1.5348
-2.5372
-1.6455
-1.8079
0.4861
-2.3737
-2.1922
-2.8057
2.7092
0.2593
-1.4125
-2.0094
1.9603
2.1463
2.8014
1.7458
1.4727
-2.5253
-1.8603
-2.0908
1.9251
-3.9119
2.0160
3.3895
0.1103
-1.1603
-2.3030
-2.4458
-1.4007
4.3211
2.2277
-2.8210
2.3395
-2.1306
-3.2296
4.9484
-1.8866
-2.0630
-2.2482
1.7190
1.8996
-2.5105
1.6371
4.6195
-3.0733
-2.1996
-1.5772
-2.4154
-2.3164
4.7966
2.3518
-3.3740
1.0266
-2.3087
1.8461
2.4558
4.8779
-2.5004
4.0704
2.3914
-1.9190
-2.5400
2.6856
1.9904
2.4695
-0.3901
2.3807
-2.2320
0.3040
2.1460
2.5939
-1.9876
1.5081
-2.2686
2.4879
-1.2337
2.3788
-1.6686
-2.3062
-2.0214
1.2078
1.4662
1.4610
2.9163
-3.0837
-2.7804
-3.4578
-3.2166
4.8382
2.1001
-2.2491
1.9086
-1.8761
0.1008
3.9084
2.2568
-2.4831
-1.8870
-1.6816
1.8458
2.0241
2.0041
3.3063
3.9905
-1.5316
1.2518
-2.4916
-1.9772
2.1256
2.2175
3.1519
-4.9359
1.5969
1.0431
-2.0396
-3.9580
2.8340
-2.2248
1.6564
-3.5560
-2.6524
2.8866
1.5647
1.9107
1.6061
2.2850
-2.5413
-1.1118
-1.9035
-1.4605
1.6891
1.2976
-2.4302
2.3650
2.4414
-2.4344
2.2931
-3.0551
-2.0750
-1.9044
3.5089
-2.1211
-2.6924
-2.4242
-2.6825
0.4039
-0.7248
-3.5723
0.7567
2.3339
2.3263
0.3880
1.7052
2.4237
0.8767
-2.3590
-3.1329
-1.9497
0.9997
-0.5581
1.1385
-3.2931
2.6799
3.5321
4.3668
1.1429
-1.9538
-2.5180
1.8865
-3.8232
-3.2667
-2.6568
-2.5449
2.2994
-3.1084
-2.8855
1.7008
-4.0788
-2.1800
-2.1729
1.7153
1.6078
0.1697
4.7521
-2.2592
1.3218
2.1913
-1.8558
-2.5208
2.0525
-1.1867
2.4104
0.9745
2.0992
4.7623
0.8076
2.6005
-3.0938
-0.2687
3.0616
-2.0810
1.5532
1.7385
-1.8239
-0.7513
2.7759
-2.4324
4.8955
2.4186
-1.7537
2.5123
-1.5718
1.6252
-0.2931
2.3605
2.3147
-2.3092
-2.1351
-2.3459
0.7686
-1.6109
-2.0692
1.4461
2.5306
-2.5054
2.8442
-1.6343
-1.9046
2.1026
-0.9677
1.7446
0.9120
-1.8325
-3.5302
-3.4178
2.2062
2.7407
-1.7140
-1.3208
2.4540
4.1298
1.6774
2.0677
-2.3878
1.7038
0.8596
1.7695
-2.1700
-1.9934
-2.7012
-2.5890
-1.5753
0.4810
-3.3746
1.3928
-2.5988
-1.6956
1.1730
-1.4387
1.2490
-1.9358
1.5485
-1.6688
-1.8472
-2.2497
-1.6626
-2.7483
-2.2946
-1.4522
1.8658
2.8086
-4.0791
1.5833
2.5063
1.1824
-2.2025
-2.2861
1.6867
3.1161
1.2070
4.3014
1.3850
-4.2815
2.1591
-2.1340
-1.2736
-0.7067
4.8600
-2.7539
1.9130
-2.0309
-2.2651
-2.9353
-3.3317
1.4688
1.7292
-0.8035
2.4812
-1.8705
-2.0196
2.1284
0.6581
-4.3087
-2.1493
3.2313
-1.9486
1.3831
1.5245
-1.8355
1.8941
0.5412
1.2155
4.2672
-0.7175
-2.1739
-2.9144
-0.6026
0.7879
1.8905
-1.6628
2.9736
1.3808
-2.0236
-0.4632
-1.4774
-1.9237
1.1026
1.6013
-2.8703
-2.5560
4.2720
-1.5848
-2.3926
1.8840
3.4434
2.0748
0.6738
-2.8733
-1.0252
-0.6272
4.6838
-1.5466
1.3880
2.3675
-1.7374
-1.5405
1.3070
1.3910
-2.3907
0.4274
-1.8306
-1.8975
-1.8894
-1.3471
2.3568
-2.9885
2.3563
0.1961
-1.1888
-2.2287
-3.0843
-2.0905
-2.2340
1.5623
1.2557
2.2984
-2.5860
-1.6131
1.0139
1.8397
-2.5260
1.8767
-2.3124
-2.3821
0.3265
0.4467
1.4532
-2.9527
1.4005
1.5023
2.8611
1.2635
1.9062
1.1628
-2.1927
-1.9989
3.3261
-1.6744
0.9097
2.8068
-3.4861
-1.9795
-2.4114
-1.9645
1.7120
2.7831
0.8180
-2.2801
-1.6294
-1.5407
-4.2459
-2.0927
1.1656
-3.2349
-1.4036
-1.2120
-1.9362
-1.6236
-2.3484
2.2691
2.2634
1.3488
-2.4923
2.2417
2.4741
1.1241
-2.4396
-2.3973
1.2896
2.3907
-1.4848
1.5202
0.8717
0.6948
-2.9772
3.3326
-2.2174
2.3397
-2.7504
1.4395
1.7428
-2.1317
4.6470
1.1466
2.2283
-0.9259
3.7184
1.9689
-1.3955
3.2988
-2.1509
0.2977
-3.2938
-2.1575
1.3273
0.8802
-2.2909
-4.7891
-2.8890
-2.0106
-2.9847
2.7968
4.0412
-1.3739
0.9549
1.5559
-3.4981
-3.0121
-2.3297
4.4318
3.5441
-2.2459
-0.0012
-2.0613
-3.0904
-3.5223
-1.8959
-2.6017
-1.7445
-2.1308
-2.0903
1.2820
-2.2468
1.8880
2.3915
3.7256
1.0967
-3.8704
0.3181
-2.2415
-1.9469
2.6689
3.7447
-1.7277
2.7644
0.3549
3.9354
-2.3989
2.1326
-2.6889
0.3597
3.6834
1.8780
1.8834
-2.0906
-2.9916
-1.6247
-1.8846
-2.4676
-3.2197
1.8740
-1.9383
3.4013
-2.2784
2.9325
1.5816
-2.1812
3.4878
2.4742
2.0155
1.3672
-1.7416
-3.5278
1.7606
1.4979
-2.8919
1.3713
-3.7864
2.1421
1.6774
-1.8432
-1.1116
0.5395
2.4762
2.2710
-2.7877
1.6914
1.1069
2.2068
-2.0628
-2.0349
-2.8573
2.3731
-2.7674
2.3785
0.1306
-2.4544
2.1319
3.5382
1.6519
-1.6224
3.1227
2.1063
-1.9306
-2.3086
-1.1002
0.6787
-4.8757
1.5737
-2.8364
-2.2736
-3.1443
2.1940
3.4004
-1.9908
1.2644
1.3870
2.5227
-4.5734
1.4504
-0.8151
1.2848
-2.2882
-2.9180
1.8472
-2.2092
-3.8124
-2.6486
-2.8540
-1.4418
-2.2054
2.2601
-2.7183
-2.0207
-2.8045
-4.3642
-2.8972
-1.9633
1.1780
-1.8436
-0.5249
-2.6508
-2.9130
-2.3884
3.9953
0.8814
-3.3137
2.0697
0.6910
2.2562
1.2824
-1.1507
-3.0518
-1.6004
1.8740
1.6150
1.7961
0.8964
1.0602
2.0409
1.5234
-1.4273
1.2141
0.9651
-3.1135
2.4113
-2.3016
2.7778
-2.6897
-3.9028
1.5194
-2.5781
-2.4420
2.3096
-1.9124
-3.1690
2.5987
-3.3043
0.8367
-2.2467
-3.3323
-1.9345
1.3109
0.8267
-2.1630
-2.8259
-2.0865
2.2626
1.7399
2.9627
-1.9554
-1.8005
-3.2548
-2.4358
0.3108
1.3870
-2.9581
-3.0562
-1.8471
-2.1852
-3.2673
1.5213
-2.5152
2.1578
-2.5610
-2.5872
-2.4481
-1.9678
3.0063
2.1080
0.9060
3.4686
2.6356
1.9204
-4.1559
-1.6406
-2.4745
-2.4645
-1.8718
-2.6271
3.1861
1.6175
-1.3506
-2.0339
-3.0456
-2.6992
2.4346
-2.2553
3.0946
2.1593
-2.0595
1.3704
-2.1716
0.7515
-2.3311
1.8326
1.0120
1.7628
1.6375
-2.1822
-2.2622
3.0717
-3.1067
2.6499
0.5128
1.2159
-2.7694
-1.9101
-3.0569
-2.3941
3.2076
-2.2060
2.7455
2.6488
-1.9665
-2.2431
1.4252
0.8984
0.6370
1.3842
-2.6693
-2.4065
-2.5605
3.1391
2.1224
-1.9529
-1.7847
1.9466
-1.2873
2.3928
-1.5887
2.4356
1.9156
-3.5336
1.1025
1.5682
3.6976
-0.2768
0.8621
-3.1030
-2.1433
1.5298
3.5479
0.4346
-3.1110
0.8021
1.7553
4.2317
-2.5235
-4.7577
-2.0775
-2.9893
-1.8190
0.3064
-1.8189
-1.7159
-1.5699
-2.5469
-1.7725
-3.2158
1.7461
2.1773
-2.0625
-2.7598
3.3621
1.1681
2.5323
-1.6638
2.1873
2.3352
2.7215
1.6973
-2.9757
2.4344
-2.6301
2.2672
-2.7589
3.6980
-2.5268
4.0207
-1.9222
-2.6316
3.4238
1.5645
2.1634
-2.2997
2.2136
3.8989
-1.7779
-0.8338
-1.6610
-2.3499
0.9473
3.0444
-2.9488
1.8597
1.1752
-2.5905
2.0692
2.0770
-1.1048
-4.8737
2.6562
-0.5111
-4.8251
-3.1879
2.0278
2.2033
1.2721
-1.7778
0.7309
0.7472
1.1150
0.1440
0.4102
-2.0021
2.5626
1.8031
4.9714
2.4410
-1.9298
1.9894
-2.8698
1.1503
2.7904
-1.0407
-1.8745
-2.2212
-1.9311
1.7937
1.7008
-3.1547
-2.5004
-2.6725
1.9985
-2.7304
-1.7945
-2.0366
1.5097
-0.0759
2.1938
1.6560
-1.2488
-3.6755
-2.3395
0.9158
-1.9364
-2.6385
1.5774
0.3844
2.0520
-4.6759
-1.5424
0.6697
-4.7404
-2.3045
-1.7847
1.5119
-2.0679
-4.8606
-1.6543
-1.5705
2.8504
-0.2253
2.7605
-1.6332
-2.5686
-2.8840
2.6728
-2.9221
1.8905
0.6510
-1.9597
-1.5484
4.8605
1.4991
2.9051
2.5698
2.0118
2.3607
-2.3485
-1.9225
-2.4508
-2.8194
-2.6363
1.1402
2.9707
-2.1518
3.4710
-3.6980
-2.6368
2.2151
2.4298
-2.6662
0.6408
1.5390
-4.0889
-1.3325
1.2186
-4.2323
1.8221
4.1547
-1.3949
-3.9825
2.1076
1.7217
-3.4751
0.4749
-2.3984
-2.5395
-1.9788
-1.6741
-2.4858
1.4603
-2.8081
-1.8362
1.9351
1.7146
0.8295
3.1289
-2.1681
1.7114
-2.6266
-2.5326
0.1706
-1.9031
-3.9355
3.0323
2.4788
4.1503
1.7165
4.0512
0.8451
-1.6222
-2.4667
1.5770
-3.0684
-1.7753
-2.1148
-4.2045
2.0936
3.9790
2.5460
1.2713
1.4755
-1.3106
3.9699
1.3421
2.2257
1.9543
2.2880
-3.1703
-2.4272
1.9576
-2.1918
1.2184
-2.3411
-2.7555
-2.8404
-1.7795
-1.2114
-3.0964
1.2312
1.4064
1.2100
0.9119
-2.0077
2.2057
-2.6196
-2.2814
-2.4187
-2.0693
-2.2334
-2.1681
-2.2947
-2.5216
-2.9674
2.0279
0.2711
-1.5896
1.9201
1.6515
4.9383
1.4754
2.1103
2.5437
0.9436
-2.6052
1.8901
-1.6421
-1.7934
-2.0091
1.2709
2.5205
2.1171
0.9605
0.7611
2.4938
2.1412
4.3298
-2.6426
-2.6119
-2.7954
1.4569
-3.0444
-2.6150
1.7172
-1.9697
-2.8130
2.0817
0.9725
-3.8225
-1.5203
1.4846
4.9336
3.4704
-2.8390
-1.7276
-2.8413
3.1374
-1.6869
-2.2259
2.8705
-2.2648
1.1369
-2.4761
1.2626
1.5729
-2.9991
-1.6187
-2.0395
0.2405
-2.8450
1.8230
-2.7888
-2.7997
1.2133
-2.5579
-1.7579
-4.0035
-2.1225
2.5419
1.0746
2.0401
2.1996
-4.7088
3.0475
1.8702
1.7586
1.3293
2.1536
-2.7062
-0.4073
3.3697
0.9677
1.6327
2.0227
-1.9613
-3.2913
-3.7460
-3.3662
-2.3830
1.3614
-1.2693
-2.6095
1.7609
1.6942
2.6764
-1.4333
-2.6582
3.0503
-1.7949
-2.1939
-2.2590
2.1260
-4.3584
2.5015
2.4300
-0.4595
-1.1077
-4.6651
0.7955
1.9826
3.0635
-0.9578
-2.3653
-2.6501
1.6766
1.3202
-2.1949
-1.0604
1.9466
1.7528
-2.9384
-0.4138
0.5216
-1.5516
-1.5965
-0.9698
-2.2617
1.0464
-2.7840
3.9397
-1.9787
-0.1630
-2.2831
3.2664
-2.2453
-2.3882
2.9333
1.1985
1.8119
2.3789
-2.5833
1.2879
-4.3958
-2.6361
-2.0690
-2.7673
2.1230
1.9712
2.1373
3.4839
-2.2357
-1.6045
1.2710
1.1433
2.2576
1.3348
1.8973
-2.4812
-1.8587
-1.5012
1.5792
2.2932
-2.3702
1.9763
2.5744
-4.6983
-4.4028
-2.9139
1.5828
0.8555
3.7939
1.3150
4.3492
-1.7429
1.1948
1.1837
1.8882
-2.4534
1.7924
-1.9482
-2.3371
-2.9147
0.8557
1.9798
-1.9368
-1.3658
1.2880
2.6107
4.2185
1.2524
-1.5419
3.1976
1.3780
-2.1433
-1.7077
2.5113
1.5995
-1.8906
0.7970
1.3474
2.5851
1.1509
-2.6500
2.1428
-1.7286
-2.7827
3.4030
-2.3452
-1.9283
-2.0808
-2.8054
-1.8888
1.8824
2.0451
3.9504
1.4475
2.5554
-1.7438
-2.5366
-2.6033
-1.9298
-3.2967
-2.4533
3.8070
1.6805
2.5851
2.9320
1.7330
-2.3665
-2.5786
1.5166
2.8633
-2.2512
-2.1633
-2.8328
-2.5900
-1.5922
-2.6752
-2.0272
1.1774
-2.4151
-4.7401
2.1980
-2.3866
-0.2288
-1.6242
-1.9670
-2.5900
-3.5943
0.5211
0.0720
1.3506
1.6033
-1.6563
1.4955
-2.6652
1.3560
1.1262
-2.5888
-2.4129
-2.9893
-2.8494
-2.7086
1.6690
-1.6583
1.7480
2.4598
-1.0755
2.4243
-2.5162
-3.1481
1.5503
-1.9722
1.2677
-1.9710
1.4013
-1.9158
-2.4175
2.7227
-1.7132
4.4322
1.9680
2.3987
-1.5276
-1.8862
4.6913
0.9042
-2.0753
-3.0122
-1.7298
2.8787
1.7696
4.0206
1.7097
-2.1139
1.0599
-2.5373
-1.9171
-1.5280
3.6507
-2.3947
1.7013
0.5071
-2.0610
1.7781
-1.9918
-2.2241
-2.8925
3.4901
-2.2756
-1.3240
1.2589
-3.3513
-2.9261
-2.1140
2.4751
-2.3461
-1.6645
-3.7670
3.8255
4.8354
-1.9085
3.3305
-1.6474
2.1878
-2.5729
2.3880
1.6085
