0.784
2.4272
3.0903
4.3151
5.6623
0.7055
3.0374
3.0076
1.3177
0.611
0.4943
0.4911
1.3163
0.8095
1.6279
0.2097
0.4976
1.2615
0.7231
2.0271
1.3922
2.6795
0.6693
1.113
2.9012
0.8472
0.2597
1.9162
0.4033
1.6569
0.4336
0.413
0.2755
1.928
1.0009
0.4876
1.18
2.0819
2.1454
0.7688
0.3545
1.4806
0.9318
0.8821
1.2059
0.572
0.8478
0.5331
0.6029
0.6406
0.224
0.3612
0.6546
3.6925
0.8494
1.6302
0.4019
0.8315
2.4654
0.8273
1.8577
0.4853
0.87
0.5899
1.0706
1.7128
0.9768
0.8735
0.2468
0.9045
1.2902
0.5318
1.2404
0.254
1.0252
0.515
1.4571
0.679
1.9468
1.3765
0.7791
1.5667
0.2617
0.5732
1.371
0.3855
0.3623
0.4977
0.8193
4.2566
1.7902
0.3225
0.4765
1.4213
1.2645
0.8557
0.8729
1.27
1.9983
0.9103
3.1384
2.8044
0.5952
1.9151
0.6982
0.7279
1.7252
1.5137
0.1427
0.9291
1.6355
0.1961
2.3009
1.3542
2.2484
0.4102
1.5349
1.3227
0.7055
0.3383
1.1928
2.5732
0.8287
1.3709
0.2069
1.498
0.6605
0.8367
0.4372
3.8495
0.5675
0.8067
1.4507
0.9097
0.7053
1.582
0.332
1.2934
5.1877
1.3321
0.535
0.7428
0.274
0.9905
4.0723
0.4146
1.0246
0.7542
11.6839
3.67
1.7677
2.5618
0.957
0.4076
2.0431
1.2521
0.4672
0.6494
1.0618
0.3231
1.3282
0.7711
0.8723
0.3397
1.4266
0.4613
0.6619
1.1614
0.6309
0.9185
0.5183
0.8629
0.953
1.1755
0.7312
0.4186
0.3938
0.5763
1.7183
6.8838
0.7067
2.4183
2.2133
0.2334
1.111
3.0071
0.3368
1.4337
0.4724
2.6566
1.3491
1.9308
3.0892
1.7455
0.8638
1.0117
2.7689
1.604
0.2139
1.0998
0.7348
0.134
1.9144
0.89
0.8519
1.7366
0.1601
0.1797
1.43
0.941
1.9989
0.9446
0.5104
1.4271
1.2204
1.0717
1.6046
1.4304
0.6951
0.6381
1.2141
0.5963
0.9288
3.6328
0.7331
0.6008
1.0624
1.3374
2.5375
3.083
0.932
2.9641
1.9968
0.2279
1.1232
2.3733
1.6211
1.0543
0.5903
1.4902
