0.2251 0.2823 0.4583
-0.3350 0.3875 0.5144
0.5629 0.2077 0.4587
-0.1508 -0.1095 0.6445
-0.3968 -0.5579 0.5818
0.0990 -0.2474 0.4438
0.0288 0.1342 0.4638
0.1352 0.2230 0.4978
-0.6057 -0.0393 0.3934
0.5676 -0.0711 0.5986
0.2305 0.5665 0.4121
0.3756 -0.8034 0.5978
-0.0171 0.0030 0.4557
-0.1863 0.2711 0.4306
-0.4580 0.0871 0.6084
0.1623 -0.0819 0.5968
-0.0240 0.5761 0.6233
-0.1480 1.0616 0.3588
0.5122 0.4245 0.5444
-0.3228 -1.1291 0.5793
-0.4715 0.1998 0.5020
-0.4212 -0.1245 0.4040
0.3634 -0.3283 0.5260
-0.1099 -0.1096 0.4529
-0.4262 0.3824 0.5790
-0.4033 0.2330 0.4476
-0.3388 0.6438 0.3523
0.1403 -0.1540 0.6334
-0.8483 -0.0821 0.6275
-0.1135 -0.4376 0.5732
-0.2087 0.8149 0.3825
-0.2988 0.4969 0.5699
-0.3891 0.0138 0.4604
0.6466 -0.2168 0.6234
0.4646 -0.2426 0.5084
0.3667 0.4742 0.4287
-0.3959 0.3943 0.3861
0.2552 0.3082 0.5789
-0.2381 -0.5503 0.4187
0.0859 0.1825 0.5324
0.2786 -0.5419 0.5916
-0.5985 0.1974 0.4441
-0.1342 -0.1990 0.4205
0.6076 -0.5021 0.4249
0.7544 0.3148 0.5559
-0.1835 0.2892 0.4957
-0.6863 0.0329 0.3569
0.0373 0.2302 0.4062
0.3183 -0.3477 0.5692
-0.5751 0.1669 0.4284
-0.0035 -0.6577 0.5348
0.4939 -0.3966 0.3583
0.6009 -0.0670 0.6098
-0.0276 -0.0905 0.5037
-0.0385 0.2603 0.5510
-0.3578 -0.1056 0.3580
-0.0608 0.1997 0.6051
-0.3742 0.2105 0.3869
-0.1823 0.0567 0.3830
0.1140 -0.3396 0.4454
-0.0318 -0.3896 0.4792
-1.0747 0.1894 0.4282
0.1795 -0.4713 0.3804
0.0699 0.6202 0.5944
0.0687 0.8594 0.5620
-0.1886 -0.3459 0.6215
0.5199 -0.3498 0.4735
0.1879 1.1446 0.5061
0.1380 -0.4205 0.6128
0.1798 -0.3873 0.6489
0.2444 -0.3060 0.4875
-0.7427 -0.2044 0.4185
-0.3615 0.0069 0.5840
-0.1872 0.5705 0.5932
0.0334 0.0287 0.5254
-0.3616 -0.1546 0.6053
-0.6357 0.0783 0.6277
0.1659 -0.3667 0.4770
0.4372 -0.1725 0.4598
0.2911 -0.4608 0.6064
0.2548 -0.5825 0.6197
-0.1686 -0.0216 0.4595
-0.4026 0.1152 0.6473
0.7592 0.2580 0.5133
-0.6767 0.1562 0.4551
-0.8152 -0.7088 0.6018
0.2544 0.2676 0.3544
0.1867 -0.0787 0.4016
0.4021 0.0706 0.6397
-0.5416 0.0506 0.3797
0.2884 -0.3378 0.3590
-0.1202 -0.0408 0.3845
-0.6025 0.2529 0.3799
-0.8741 0.1885 0.6056
-0.5207 -1.0301 0.3672
-0.1358 0.4201 0.5286
-0.4174 0.0266 0.6480
-0.3852 -0.2185 0.5894
-0.2916 0.4629 0.5577
0.0774 0.0684 0.5558
0.0441 0.0477 0.5732
-0.1439 -0.2763 0.5476
0.2617 -0.2973 0.4456
-0.3791 -0.5877 0.5249
-0.3612 0.3255 0.4864
-0.2355 0.4147 0.4437
-0.1178 -0.1423 0.6271
0.0355 0.1426 0.4629
-0.9022 0.0821 0.4192
0.2309 -0.2136 0.6163
0.0077 0.6405 0.4452
0.5014 -0.6527 0.5926
0.7115 1.0572 0.6337
-0.2514 0.8286 0.6293
0.0143 0.3385 0.5912
-0.1503 -0.3942 0.5757
0.5580 0.3534 0.6359
-0.5229 -0.5395 0.3508
-0.2713 -0.0964 0.5294
-0.3364 -0.2436 0.4673
0.3314 -0.4962 0.3977
0.2917 -0.1168 0.4447
0.4546 0.3993 0.5110
-0.0203 -0.2375 0.4522
0.1603 0.1306 0.3895
-0.2024 -0.2126 0.4310
-0.2004 0.1954 0.6140
0.1424 -0.6532 0.4073
-0.1046 0.5537 0.4012
-0.3697 -0.2258 0.3501
-0.8256 -0.2155 0.4256
0.1489 -0.4039 0.4119
-0.4171 -0.1585 0.5016
-0.0017 0.1884 0.4363
0.1262 -0.2145 0.3544
0.1599 0.3786 0.4002
-0.1726 0.2878 0.3626
-0.1372 0.1985 0.4853
0.3009 0.4328 0.5367
-0.1093 0.6515 0.5267
-0.0138 -0.9171 0.4519
0.5365 -0.7035 0.3729
0.4728 0.4408 0.5772
-0.6176 -0.8224 0.5894
0.4231 0.5373 0.5685
0.0712 0.3275 0.5567
-0.9885 -0.2807 0.4365
-0.1086 -0.2483 0.5318
0.3883 0.1013 0.5734
-0.4089 0.1971 0.5705
-0.7518 0.0026 0.4555
-0.8256 0.1816 0.5185
-0.9705 0.8635 0.4421
0.0156 0.0907 0.4928
-0.2625 -0.2064 0.3806
-0.1199 -0.7008 0.3547
0.0234 -0.2534 0.4411
-0.2946 0.5290 0.5472
0.1016 -0.6390 0.6280
0.2498 -0.0285 0.4950
0.5587 -0.5907 0.5035
-0.0507 -0.0818 0.3689
-0.3228 -0.1348 0.4030
-0.9845 0.3119 0.3627
0.4356 -0.3532 0.3560
0.3507 0.5940 0.4431
-0.0220 0.0263 0.5610
0.2693 -0.0633 0.5724
0.5361 0.0732 0.5251
-0.0434 0.6431 0.5000
-0.3320 0.3354 0.5762
0.4699 0.2926 0.4299
0.5069 -0.2447 0.5211
0.2126 -0.2738 0.5230
0.2824 -0.0534 0.3557
-0.1149 -0.0256 0.4510
0.1828 -0.3458 0.4800
-0.3377 0.1622 0.5030
-0.9319 0.0764 0.6143
-0.1905 0.1840 0.5225
-0.2812 -0.0804 0.6120
-0.1510 -0.3794 0.5477
0.3539 -0.5268 0.3979
-0.6174 0.4243 0.5981
-0.0176 0.0193 0.3847
0.0133 -0.3922 0.6270
0.1481 0.4575 0.6202
-0.3284 -0.8433 0.4026
0.2996 0.1220 0.6417
0.4697 1.0209 0.5140
0.4490 0.4722 0.3520
0.3683 0.3366 0.3860
-0.2175 -0.6074 0.5346
-0.5188 -0.5230 0.5530
0.7408 -0.0327 0.5762
-0.2605 0.1833 0.5515
0.6049 -0.6078 0.4178
0.5382 -0.2825 0.3635
-0.2156 -0.5667 0.4988
-0.2441 0.5748 0.4495
-0.5197 0.1666 0.6346
-0.0120 0.1717 0.4620
0.6518 -1.0163 0.3787
0.2634 0.0452 0.4108
0.1331 0.1919 0.5950
-0.4550 -0.2968 0.4601
-0.1612 -0.7749 0.6168
-0.1526 -0.1467 0.5617
0.2925 0.0847 0.5223
-0.3973 0.1474 0.4718
-0.2719 0.2404 0.4167
-0.4218 0.3246 0.5433
0.0250 0.4210 0.5200
-0.3966 -0.7096 0.4364
0.1644 -0.4519 0.6077
0.5131 -0.1414 0.5290
-0.1903 -0.0537 0.3854
-0.7894 0.1716 0.5427
-0.5130 -0.1100 0.5935
0.0690 0.2809 0.6115
-0.1021 0.2459 0.3713
-0.2336 0.3357 0.6086
0.3078 0.0833 0.4650
-1.0335 -0.0945 0.5042
0.3854 -0.2168 0.4731
0.2032 0.0913 0.5522
0.6542 -0.2354 0.4928
-0.3676 0.5117 0.3762
-0.4857 -0.0505 0.3918
-0.7838 -0.2244 0.5603
0.1901 -0.6612 0.4868
0.5380 0.6773 0.4190
0.2588 -0.3416 0.6006
-0.0081 0.0102 0.5377
0.0107 0.0327 0.3882
0.0855 0.3969 0.4122
0.1844 -0.1467 0.5156
-0.0252 0.0198 0.5951
-0.2034 0.2431 0.5323
-0.3563 0.0506 0.6351
0.5625 -0.0137 0.6481
-0.2087 -0.0750 0.5086
-0.6996 0.3034 0.3965
-0.6287 -0.4710 0.4444
-0.0465 -0.2388 0.3889
-0.2126 0.8057 0.3580
-0.1245 0.3844 0.4221
-0.1973 -0.2958 0.5134
0.1646 -0.3249 0.5529
0.0265 -0.4786 0.4273
-0.1549 -0.1731 0.4748
-0.1387 -0.2735 0.4017
-0.4266 -0.3747 0.3837
0.6769 -0.2893 0.6253
0.2461 0.8979 0.5819
-0.4003 0.4129 0.6030
-0.4054 -0.2589 0.3958
-0.4891 -0.1708 0.3581
-0.1291 0.1928 0.3612
-0.3952 -0.0182 0.5894
0.5586 -0.2668 0.6061
0.0205 0.4751 0.4632
-0.0329 -0.0005 0.5302
0.6957 0.4748 0.6482
-0.3959 0.4942 0.5807
0.0962 -0.0635 0.4855
-0.3572 -0.5259 0.3595
0.5248 0.4942 0.3816
0.4265 -0.4321 0.5983
-0.1514 -0.6167 0.5557
0.2128 0.0661 0.6101
-0.3648 0.6740 0.6146
-0.5380 -0.0534 0.6084
-0.2053 -0.1858 0.4014
-0.0415 -0.0805 0.5677
-0.4385 0.4866 0.5309
-0.4279 -0.4111 0.6335
-0.4854 -0.1444 0.4009
-0.3397 0.2132 0.3642
-0.0001 0.4772 0.5335
-0.7660 0.2418 0.6440
-0.1270 -0.1010 0.3605
0.8027 0.2908 0.6495
0.1618 0.0065 0.3978
0.2272 -0.0148 0.4058
0.6380 -0.0020 0.4755
0.2347 -0.1310 0.4534
-0.1401 -0.0858 0.3658
0.0959 0.0068 0.4780
0.4173 -0.0139 0.6047
0.1597 0.0491 0.4507
-0.0833 0.6121 0.5985
0.0535 -0.1989 0.5126
0.5176 -0.9876 0.3692
-0.5853 -0.2538 0.6200
-0.4290 0.3436 0.4840
0.1323 -0.1745 0.3811
-0.3281 -0.0189 0.5564
-0.2142 0.0863 0.5586
0.2443 -0.1580 0.5713
-0.9290 0.6824 0.4318
0.3684 0.3659 0.3871
-0.3033 1.0593 0.5939
0.1698 -0.1478 0.3733
0.0686 -0.4160 0.5528
-0.3021 -0.0383 0.5802
0.0910 0.0043 0.4050
0.7208 -0.1302 0.3624
-0.4802 -0.0544 0.4924
0.3291 0.6691 0.6206
0.3695 0.4399 0.6428
0.0150 0.2897 0.3511
-0.6118 0.4378 0.3642
-0.3452 0.3985 0.6141
-0.5697 -0.4091 0.5139
-0.6920 -0.2573 0.6296
0.3566 0.1687 0.6381
-0.0581 -0.0353 0.4879
-0.3535 -0.7513 0.5662
-0.1241 0.4364 0.6055
-0.1661 0.3514 0.3935
0.5039 -0.0152 0.4681
-0.4960 0.2427 0.4917
-0.6728 -0.7454 0.5653
-0.0140 -0.3963 0.4862
-0.1459 0.2740 0.5427
-0.4904 0.0839 0.4331
-0.5327 -0.0436 0.5531
0.1431 -0.6410 0.3564
-0.1171 0.4266 0.5931
-0.1324 -0.4657 0.5620
-0.6191 0.0039 0.6381
-0.4242 -0.0390 0.3784
-0.3582 0.0544 0.5515
-0.3400 -0.1632 0.3634
-0.1179 -0.3150 0.6141
0.7183 0.0971 0.4293
0.1036 -0.5086 0.6173
0.2513 0.1852 0.6443
0.2205 -0.6148 0.5531
0.1563 0.1158 0.4273
0.2554 -0.1350 0.4400
-0.7192 0.5443 0.5531
0.0199 -0.0502 0.4076
0.3812 0.2102 0.5672
0.3700 0.3661 0.4521
0.4880 0.2731 0.5752
-0.3386 0.4655 0.5312
-0.5452 -0.4634 0.5547
0.0364 -0.3074 0.5085
0.6569 0.6384 0.6432
0.6132 -0.5228 0.5648
-0.3386 -0.4236 0.5144
0.4197 -0.9245 0.3667
0.6020 -0.4558 0.5752
-0.6553 -0.5050 0.5066
0.3640 -0.4655 0.6255
-0.3927 -0.1640 0.6150
-0.6442 0.5919 0.5326
0.5500 -0.0179 0.3617
0.4199 0.2568 0.5096
0.2859 0.1083 0.6308
-0.6441 -0.2801 0.4577
-0.4540 0.3521 0.5436
-0.4054 -0.2137 0.3737
0.3318 0.2506 0.4283
0.0666 0.0121 0.5343
-0.0566 -0.5568 0.4694
0.1062 0.0153 0.5842
0.4323 0.7546 0.4269
-0.2425 0.5013 0.5821
-0.1189 0.6726 0.3721
-0.1372 -0.5227 0.6234
-0.2516 0.0519 0.4492
-0.5505 -0.2198 0.5757
-0.2518 -0.4381 0.6242
0.2006 -0.1887 0.5554
-0.2907 -0.5991 0.5308
0.2759 -0.2298 0.3517
-0.0420 -1.0362 0.4416
0.5615 0.5178 0.4029
0.1248 0.5785 0.5002
0.5935 -0.1116 0.5427
-0.3760 -0.6445 0.6160
-0.0599 -0.2364 0.4114
0.4820 -0.2644 0.4610
-0.1831 -0.3139 0.5536
-0.0233 -0.2475 0.5936
0.0667 -0.7699 0.4525
-0.4651 -0.7355 0.4847
0.4347 -0.2264 0.5671
-0.0039 -0.4647 0.3959
0.8294 0.5866 0.4922
0.5309 0.6635 0.5969
0.3080 -0.0184 0.5441
-0.4249 -0.2328 0.5541
0.3276 -0.3414 0.5268
0.3067 -0.1788 0.4143
-0.5671 0.2978 0.3581
-0.1881 -0.1811 0.5014
-0.1645 0.2981 0.5625
-0.2270 0.8300 0.5658
-0.7573 -0.2964 0.4762
0.0222 1.0555 0.4431
0.1413 0.9004 0.3896
-0.0064 -0.3719 0.6052
0.3581 -0.2744 0.5777
0.1952 -0.6237 0.4017
0.1675 0.6491 0.4793
-0.2935 -0.0963 0.4985
0.2337 -0.2485 0.4724
-0.4421 0.0353 0.4043
0.0620 0.1092 0.6034
-1.1342 0.2338 0.5433
-0.4137 -0.1513 0.5595
0.3973 0.4114 0.4611
0.5402 0.3255 0.3536
-0.1739 0.8699 0.3536
0.7765 0.2627 0.6399
-0.2700 0.0798 0.5525
0.2441 0.1201 0.4127
0.9751 -0.6847 0.6176
-0.1949 0.1568 0.4715
0.4943 0.4271 0.6213
0.3221 -0.4283 0.5042
0.3604 0.5820 0.6108
-0.2787 0.4948 0.4309
-0.2221 0.0386 0.6405
-0.2793 0.4463 0.5202
0.2907 -0.2024 0.4232
-0.0725 0.4558 0.4223
0.6323 -0.4750 0.6019
0.1682 0.0858 0.6072
0.2821 0.0235 0.4327
-0.1953 0.3544 0.6451
0.3127 0.3411 0.6445
-0.3348 -0.3013 0.5579
0.3569 -0.4178 0.5326
-0.3835 0.0329 0.4116
0.2181 -0.2106 0.4207
-0.1633 0.1870 0.4383
-0.0616 -0.5719 0.4958
0.1414 0.1730 0.5773
0.1455 0.3359 0.4677
-0.4121 0.0758 0.5506
-0.5265 0.1351 0.5351
-0.2822 0.1681 0.5239
-0.3914 0.1560 0.6319
-0.0096 -0.2950 0.4083
0.6549 0.3606 0.5894
-0.0762 -0.4202 0.5082
0.7107 -0.3865 0.5640
0.0676 0.3268 0.3749
0.0466 0.7843 0.5466
0.3030 -0.2068 0.4665
0.0451 0.3644 0.4833
-0.5179 0.9906 0.3938
0.4605 0.3060 0.3841
-0.2672 0.5714 0.5386
0.2383 -0.0857 0.4786
0.1162 0.1358 0.5100
-0.3870 -0.0238 0.4861
-0.2784 -0.4028 0.5504
0.1360 0.3957 0.5925
0.8750 0.0988 0.4603
-0.4657 0.1685 0.3687
0.4564 -0.5218 0.5683
-0.2292 -0.0300 0.4093
0.2286 -0.2214 0.4838
0.0848 0.0921 0.4227
-0.2381 0.1286 0.5162
-0.0643 -0.3562 0.5413
-0.4533 -0.4062 0.4797
0.0746 0.0299 0.5556
0.6683 0.1277 0.5175
-0.2208 0.2804 0.3849
0.0671 1.0002 0.4121
0.3675 -0.3265 0.4905
0.7725 -0.1550 0.4024
-0.1297 0.0714 0.3896
-0.2718 -0.3746 0.4416
-0.2604 0.1672 0.5556
0.1164 0.6052 0.4933
0.1240 -0.0266 0.3634
0.1296 -0.2344 0.5313
0.3985 0.2569 0.3720
0.3418 -0.0908 0.4587
-0.3894 -0.2496 0.4070
-0.3229 0.4274 0.5579
-0.0904 0.5298 0.4209
0.8197 -0.4899 0.5987
-0.0355 -0.6493 0.6486
-0.2477 -0.2186 0.5254
-0.3915 -0.2319 0.4512
0.6384 0.4323 0.4018
0.2915 -0.2636 0.5244
-0.4650 -0.7616 0.5617
0.7222 0.3756 0.4568
-0.1749 0.4608 0.3862
0.1638 -0.3834 0.5252
-0.0529 0.0395 0.4466
0.0041 -0.3240 0.4345
0.6090 0.0634 0.4161
-0.1215 -0.3717 0.4036
0.4193 0.3439 0.5996
0.7280 -0.2328 0.6027
-0.0261 -0.4548 0.3550
0.5419 -0.2078 0.5133
0.0234 -0.2666 0.5291
0.2730 -0.4448 0.5410
0.2375 0.6266 0.5974
0.3816 -0.3389 0.4253
-0.1505 -0.0095 0.4177
-0.5308 -0.4734 0.5814
0.4267 0.7680 0.3913
0.4743 0.1633 0.4409
0.7434 0.1451 0.4978
0.4604 0.3086 0.4610
-0.1377 -0.1950 0.6408
0.5647 0.8342 0.5971
-0.3416 -0.2784 0.4417
-0.4204 -0.3496 0.5171
0.0986 -0.0037 0.5536
0.2888 0.3630 0.5355
0.4133 0.1052 0.4695
0.2175 0.7494 0.5838
-0.3464 0.7706 0.3718
0.5034 -0.3267 0.3786
0.0360 -0.3140 0.5502
-0.9437 0.4330 0.5224
-0.4465 0.3001 0.6003
0.9083 -0.2613 0.4348
-0.7929 -0.5262 0.4485
-0.0279 0.2916 0.3938
0.0996 -0.3378 0.5218
0.1388 -0.2726 0.6270
0.1100 -0.0330 0.4426
0.0542 0.3504 0.4544
0.5075 0.0415 0.3625
0.0405 0.8532 0.6155
-0.1735 0.4440 0.5161
-0.0794 0.1009 0.6357
0.1022 -0.6403 0.4471
0.3281 -0.1507 0.4600
-0.0410 -0.2655 0.3996
-0.6491 0.0529 0.4382
0.3921 -0.3905 0.3589
0.2153 0.8202 0.5412
-0.6063 -0.1334 0.5135
0.2424 1.0047 0.5482
0.3326 0.2552 0.5912
0.4430 0.0611 0.4380
-0.1894 -0.6816 0.6388
0.4350 -0.2833 0.3609
-0.1737 0.4520 0.5565
0.6180 0.2250 0.4291
-0.2203 -1.0523 0.4183
-0.0140 -0.9892 0.3665
-0.0545 0.3209 0.3916
-0.6864 -0.4961 0.3657
-0.1757 0.1037 0.4627
-0.3848 -0.0442 0.4332
0.0487 0.6554 0.5729
-0.0800 -0.1221 0.6352
-0.1837 0.5669 0.5155
0.5766 0.5366 0.3937
0.2530 0.2243 0.6300
0.3704 0.0722 0.4109
0.4581 -0.3015 0.5013
-0.2983 0.3425 0.4199
-0.3418 0.6698 0.4238
-0.0937 -0.1462 0.4585
-0.0074 0.1687 0.4611
0.3462 0.3967 0.5408
0.0584 -0.1099 0.6258
-0.2675 0.4316 0.4439
0.0197 0.2224 0.5485
0.2595 -0.2123 0.5396
0.0148 -0.3677 0.6140
0.5499 -0.8850 0.5639
0.0861 -0.0256 0.5410
0.4850 -0.0997 0.6353
-0.3519 0.1085 0.4745
0.5928 0.8225 0.5939
0.4524 -0.0319 0.4915
0.1335 0.4805 0.4328
0.5993 -0.7138 0.3718
0.1327 -0.0312 0.6237
-0.0719 -0.2331 0.6217
0.3151 -0.3918 0.5992
0.6942 -0.1589 0.5286
0.3504 -0.0532 0.6258
0.1050 -0.1160 0.4347
0.3453 0.0869 0.3987
0.4828 0.1979 0.6271
-0.4361 -0.4909 0.5781
-0.0967 0.7972 0.3968
-0.2641 -0.1014 0.4947
0.3659 0.2731 0.5229
-0.2109 -0.7606 0.5342
0.6862 -0.6211 0.6173
-0.2877 0.2585 0.4008
-0.0452 0.4698 0.6337
-0.1553 0.3432 0.4139
0.3337 0.7123 0.6256
0.3414 -0.0071 0.4396
-0.7999 -0.5371 0.4436
0.3039 0.0746 0.5572
0.3534 0.1492 0.5240
1.0382 -0.0002 0.4416
0.6117 -0.4989 0.5353
0.3302 0.6521 0.5631
0.5973 -0.0942 0.5663
0.1091 0.5403 0.3913
-0.2185 -0.3119 0.4410
0.2232 -0.1440 0.6087
0.1357 0.1768 0.4901
-0.1743 0.2454 0.5055
-0.3460 -0.0055 0.5747
-0.5119 -0.7146 0.5185
-0.3189 -0.2610 0.6029
0.3616 -0.4381 0.3987
0.4826 -0.5616 0.3857
-0.4212 -0.2585 0.6292
-0.1084 -0.0003 0.4001
-0.2888 0.0963 0.3709
-0.3572 -0.2896 0.5472
-0.1457 -0.2589 0.4701
0.7179 0.2858 0.4654
-0.5013 0.4550 0.4241
-0.4378 -0.1939 0.5689
-0.2777 0.2022 0.3556
-0.0492 0.0046 0.5802
0.2205 0.0161 0.4908
-0.2838 0.1678 0.3980
-0.6647 0.2791 0.5584
0.8079 0.1475 0.5444
-0.1469 -0.2448 0.6328
0.2737 -0.2277 0.5467
0.3383 -0.2841 0.6098
0.7905 -0.2093 0.3842
0.1978 -0.7645 0.6420
0.5649 0.8420 0.4624
0.3075 -0.0807 0.4476
0.1252 0.0411 0.5990
0.4664 0.5595 0.3522
-0.0169 0.7910 0.6271
0.6549 -0.0050 0.4057
-0.1039 0.4558 0.4737
-0.0948 0.1177 0.5437
0.2165 0.1090 0.4513
-0.8867 0.7743 0.4172
-0.2925 -0.0418 0.3583
0.4376 -0.2425 0.4993
-0.1542 -0.5807 0.6021
-0.2492 0.7488 0.3753
0.2562 0.4544 0.3912
0.9451 0.7814 0.6440
0.1804 -0.4624 0.4783
0.1546 -0.0838 0.3724
0.6810 0.0970 0.5173
0.0943 0.0729 0.4767
0.1931 0.2952 0.5225
0.2091 0.1296 0.5134
0.7416 -0.5228 0.4282
0.6038 -0.2151 0.3758
-0.1490 -0.3729 0.5331
1.0320 -0.3222 0.3728
-0.1803 0.4648 0.5259
-0.0161 0.1638 0.6379
0.3280 -0.6880 0.5170
-0.1816 0.0143 0.6411
-1.0301 -0.6970 0.5858
-0.6828 0.9684 0.4811
-0.4291 -0.2571 0.4960
-0.2677 -1.0116 0.5810
0.1387 0.8535 0.3719
-0.6114 0.1825 0.4213
-0.6697 -0.1113 0.5550
0.2204 -0.0307 0.5882
-0.1470 0.7722 0.5296
0.8585 -0.2442 0.4044
0.4529 -0.3012 0.3987
0.0619 -0.2564 0.6283
0.8219 0.3367 0.3581
-0.5390 -0.1549 0.5521
0.4212 0.2893 0.4528
0.2048 0.3005 0.3935
0.0795 0.2820 0.5388
0.1477 0.2169 0.3542
0.9623 0.4357 0.6266
0.0274 0.1602 0.5008
-0.3655 0.5382 0.3722
-0.9178 0.0594 0.6143
0.1874 -0.4135 0.4237
0.0003 -0.2631 0.5256
0.3823 0.2539 0.4480
0.3328 0.8373 0.5339
0.4577 0.3974 0.5666
0.5628 -0.2359 0.5432
0.1693 -0.0771 0.4517
-0.4084 -0.3862 0.3900
0.0641 0.1745 0.3727
0.4135 0.4997 0.6205
-0.3108 0.4228 0.4836
0.4933 -0.0008 0.5414
0.3413 0.3536 0.4975
0.6045 0.7143 0.5815
0.1278 0.3594 0.5415
-0.3118 0.5240 0.4691
0.1278 -0.8230 0.6330
0.2139 0.3546 0.6390
0.0590 -0.3018 0.3939
-0.1350 -0.0792 0.4368
0.2691 0.5197 0.4249
-0.2385 -0.4900 0.5649
-0.2645 0.4545 0.6457
-0.7952 -0.9103 0.6259
-0.1514 0.2033 0.5487
0.2661 0.5495 0.5430
-0.5490 0.0967 0.4722
-0.1129 -0.2951 0.4799
0.4700 0.1728 0.3589
0.0846 -0.3175 0.6260
-0.3084 0.3094 0.4732
-0.1472 0.0615 0.4660
0.7010 -0.4498 0.5989
-0.0415 -0.1146 0.5901
0.3799 -0.0029 0.5746
-0.1791 -0.4022 0.4353
-0.0255 -0.2347 0.5371
0.1302 -0.4285 0.5598
-0.2968 -1.0018 0.3772
0.3896 -0.4847 0.5412
-0.4146 0.4019 0.5675
0.3799 0.4230 0.4467
-0.3955 0.5171 0.4312
0.3910 0.3064 0.5472
-0.7475 0.4354 0.3895
0.0229 -0.6140 0.5220
-0.6964 0.0677 0.5875
0.6582 0.1880 0.6332
1.1080 -0.2243 0.3553
0.6414 0.1728 0.4207
-0.3494 0.3617 0.3506
0.1473 -0.0743 0.5823
-0.3892 0.0640 0.4488
0.5141 0.3487 0.5448
0.1051 -0.4404 0.5380
0.0477 -0.2286 0.6062
-0.5800 0.0653 0.4367
0.0966 -0.0302 0.6124
0.5185 -0.4566 0.5188
-1.0003 -0.4751 0.5420
-0.6502 0.3285 0.6033
-0.5627 -0.6738 0.3731
0.1364 -0.0961 0.3869
0.5764 0.6158 0.5281
0.1672 -0.7192 0.4601
-0.3420 -0.1176 0.3841
-0.3748 0.0751 0.3916
-0.4254 0.3932 0.6426
0.2797 -0.7458 0.3939
0.0105 0.1922 0.5181
-0.1860 0.3855 0.5308
0.1468 -0.8069 0.3608
-0.7522 -0.0647 0.4913
0.5102 0.4563 0.5483
-0.8694 0.2336 0.5804
-0.4069 0.5955 0.5655
-0.9042 -0.1385 0.4554
0.3859 0.2757 0.6301
-0.0017 -0.9691 0.6131
0.6218 0.3690 0.4185
0.8302 0.0288 0.4018
0.2203 -0.5582 0.4756
0.2478 0.2459 0.6327
-0.0793 -0.6638 0.3744
0.1636 0.9109 0.6005
0.1458 -0.5063 0.5906
0.6339 -0.0320 0.4254
-0.7263 0.3849 0.4960
-0.1699 0.1286 0.3997
-0.1549 1.0065 0.6202
-0.1615 0.6975 0.5050
0.2399 0.6335 0.4031
0.4129 0.3445 0.5485
0.7958 0.7180 0.4222
-0.0259 -0.0922 0.6031
-0.6957 -0.2510 0.3640
0.2468 -0.6530 0.6054
-0.0653 0.0316 0.5647
-0.5076 0.4613 0.6308
0.1934 -0.6971 0.4104
-0.1088 -0.4759 0.5974
0.2545 0.5267 0.5177
-0.5097 -0.3529 0.4147
-0.5126 -0.7132 0.4351
0.5094 0.6151 0.5700
-0.1159 0.1427 0.3836
-0.1094 -0.7499 0.5815
0.0504 -0.6006 0.4051
0.5773 -0.2334 0.4394
0.0408 0.0893 0.3882
0.0153 -0.2062 0.4451
0.3328 0.6007 0.4971
0.2313 -0.2453 0.5387
-0.2198 0.0257 0.5256
-0.8458 -0.3102 0.5211
0.0438 -0.3299 0.4389
0.2530 0.5263 0.6206
-0.3431 0.4873 0.4296
0.1711 0.2639 0.5716
0.4224 0.7397 0.4153
-0.5245 -0.0042 0.5564
0.4969 0.7259 0.5145
0.2763 0.4146 0.3551
0.0798 0.4150 0.5684
-0.7148 0.0738 0.6446
0.2696 0.3181 0.4078
-0.3689 1.0003 0.4352
-0.0820 0.6275 0.4043
-0.1222 0.0917 0.4187
-0.5136 -0.0676 0.3688
-0.4105 0.5848 0.4728
-0.1805 -0.5417 0.3855
-0.0831 0.3716 0.6190
0.6872 -0.1657 0.3632
-0.4331 -0.3364 0.6044
0.1914 0.9010 0.5681
-0.0194 -0.6190 0.4653
0.1178 -0.4035 0.5406
0.4667 0.5254 0.4833
-0.0184 0.1785 0.5173
-0.2322 -0.0027 0.4469
-0.7658 -0.2836 0.6331
0.2789 -0.1053 0.5335
-0.4244 0.4572 0.6080
0.9256 0.2460 0.5179
-0.2880 0.5346 0.3723
0.4069 -0.6625 0.4456
0.6178 0.1476 0.3938
-0.0559 -0.2372 0.4610
-0.1780 -0.4194 0.3935
0.2620 0.3990 0.5139
0.5388 -0.5897 0.6014
-0.4446 0.3185 0.5615
-0.3759 0.1651 0.4730
0.8054 0.5311 0.3921
0.6099 0.3307 0.3851
0.5576 0.6314 0.5020
0.1175 -0.3797 0.4193
-0.7451 0.5533 0.4201
0.2295 -0.3424 0.4469
-0.4746 -0.0679 0.4701
-0.0275 0.1806 0.6128
-0.5421 0.1800 0.5462
0.0884 -0.0066 0.5069
-0.1956 0.7303 0.4408
0.0578 0.2829 0.4640
0.1746 -0.4166 0.6488
0.0939 0.5051 0.3803
-0.3757 0.1717 0.5748
-0.5857 0.3530 0.6369
0.6492 0.0982 0.4328
-0.1766 -0.5798 0.4952
0.8532 -0.0382 0.6442
0.1120 -0.0198 0.5566
-0.2653 -0.4855 0.4518
-0.2851 -0.4478 0.4578
0.1045 0.0193 0.3772
-0.0314 0.5747 0.4970
0.3269 -0.7113 0.4841
-0.7129 -0.6085 0.6490
0.1921 0.3097 0.5844
-0.5101 0.1833 0.5189
0.0479 -0.0066 0.5629
-0.4765 -0.3139 0.5087
-0.1787 0.2476 0.5057
-0.1143 0.0826 0.6032
0.7583 0.2136 0.4375
0.1882 -0.0305 0.4425
-0.0642 0.1438 0.3927
-0.6025 0.0520 0.4007
0.4139 0.2819 0.5181
0.4813 0.0855 0.5567
0.3324 -0.3904 0.4153
0.0641 0.6679 0.3929
-0.5774 0.1369 0.5283
0.1784 -0.5556 0.6059
-0.1086 0.3703 0.5561
-0.5603 -0.7010 0.6339
-0.1096 -0.0772 0.5703
-0.1144 0.9832 0.5101
-0.8944 -0.5247 0.5321
1.0633 0.2686 0.5198
-0.2627 -0.1619 0.3759
-0.3194 0.2398 0.5745
-0.0159 0.3301 0.3583
0.7693 -0.0627 0.4050
-0.4009 0.6274 0.3972
-0.5541 -0.7610 0.6201
-0.1131 0.7657 0.4407
0.0644 -0.1017 0.5608
0.2684 -0.0514 0.3632
-0.2610 -0.3234 0.6070
0.2920 0.4430 0.4645
-0.1665 0.9636 0.5472
0.5165 0.8850 0.6027
0.1323 0.2211 0.6090
-0.5729 -0.0166 0.6155
0.5272 0.1079 0.6424
0.6757 -0.6407 0.4111
-0.6091 0.4475 0.4724
0.3903 0.5494 0.6492
-0.0833 0.4243 0.4507
0.9979 0.2942 0.4128
-0.0537 0.0969 0.4660
-0.1311 0.4896 0.4963
-0.3059 -0.2678 0.3849
-0.2575 -0.0491 0.6450
0.2107 -0.0000 0.4059
-0.2949 0.7485 0.4689
0.5304 0.6175 0.3915
-0.0128 0.0164 0.5647
-0.2872 -0.2655 0.5125
0.0421 -0.0710 0.4069
0.6912 0.3209 0.5663
-0.0613 -0.2050 0.3564
0.1758 0.4793 0.4328
0.5758 -0.3660 0.4774
-0.4996 0.2781 0.5793
-0.0401 -0.6497 0.5899
-0.1058 0.0613 0.4356
-0.3310 0.5504 0.4179
0.7757 0.1040 0.6043
0.6694 -0.5222 0.3578
-0.1962 -0.7199 0.4622
-0.4215 -0.7245 0.3857
-0.7498 0.0984 0.5243
0.2511 0.3295 0.3908
0.3267 0.1342 0.5910
-0.5210 -0.0748 0.3534
-0.0692 0.4415 0.5573
-0.2427 -0.5541 0.6311
0.1622 0.1581 0.5485
0.2566 -0.0517 0.4650
-0.5685 0.3318 0.5227
0.3175 -0.0589 0.4114
-0.5220 -0.3821 0.4741
-0.2177 0.3122 0.6406
0.9072 0.1075 0.4443
-0.2403 0.2729 0.4701
-0.4503 0.7011 0.4224
-0.3373 -0.0914 0.4943
-0.2982 0.6821 0.4601
-0.6657 -0.2837 0.4013
0.0272 -0.2773 0.3600
0.0536 -0.7306 0.4045
-0.1388 0.3584 0.4831
0.4196 -0.1008 0.5169
-0.1003 -0.4915 0.3900
-0.2911 -0.6332 0.4505
-0.1012 0.7765 0.4352
-0.2241 0.3932 0.3739
0.3662 0.9021 0.4123
0.3745 -0.2373 0.6047
-0.1095 -0.4639 0.4478
-0.6486 -0.2574 0.3911
-0.8953 0.1317 0.6013
-0.0237 0.1566 0.5436
-0.6887 -0.4770 0.5009
-0.3185 0.3509 0.4583
0.9237 -0.1406 0.5608
-0.3646 0.6715 0.5179
0.7156 0.1551 0.5446
0.1110 -0.7186 0.6142
-0.1358 0.7224 0.4867
-0.8152 0.2522 0.5948
0.1476 -0.6974 0.4246
-0.0455 -0.4834 0.5445
-0.1897 -0.5359 0.5476
-0.1527 0.8411 0.4621
0.2095 -0.4262 0.5064
0.4501 0.3592 0.4265
-0.6474 -0.0090 0.4632
0.2214 0.1308 0.5583
-0.1000 0.5450 0.3678
-0.5033 0.2430 0.6227
-0.9642 0.1267 0.4422
0.4124 -0.3179 0.5663
0.1232 0.8009 0.5067
0.7050 -0.8884 0.4983
0.5108 -0.0755 0.5082
0.0282 0.5836 0.3876
-1.0428 0.2899 0.3832
0.2769 -0.7911 0.6165
0.0483 -0.1654 0.4253
0.2042 0.2663 0.3827
-0.1417 -0.7646 0.5915
4.2197 2.6644 0.9851
4.9580 2.4634 0.7532
4.2498 2.7726 0.7948
3.8626 1.2816 0.8822
4.4335 2.3910 0.9595
4.6956 2.5954 0.7915
4.0072 1.9202 0.8934
3.7373 2.0414 0.7804
4.1536 2.4045 0.9257
3.9769 1.6383 0.7953
4.0401 2.6846 0.7038
3.5697 1.6486 0.7694
3.7119 2.5576 0.9160
4.0575 2.7908 0.9701
4.7159 2.5148 0.8104
3.8192 1.7573 0.9360
3.5231 2.0718 0.9350
4.2196 2.2653 0.8783
3.5281 2.5822 0.8478
3.7952 2.2171 0.8971
3.8359 1.3848 0.7950
4.5512 2.0401 0.7159
4.2928 2.4520 0.8199
3.8136 2.3891 0.8531
4.0283 1.9735 0.9901
4.9857 3.0515 0.9417
3.7440 1.9514 0.8096
4.8676 2.4595 0.7384
4.0639 2.1436 0.7583
3.9077 2.3717 0.9671
3.9363 2.5990 0.9695
5.1907 1.8384 0.7651
4.5630 2.7203 0.9599
4.5229 3.2595 0.9889
3.4535 1.5963 0.7565
4.7738 2.5767 0.7283
4.2789 2.3595 0.8723
4.6701 2.5555 0.9235
3.5077 1.7684 0.9501
4.0382 2.5643 0.9206
4.6103 1.9341 0.8790
4.1985 2.1315 0.9746
4.4522 2.8308 0.9686
4.7520 2.1651 0.9743
4.2137 2.3940 0.9035
4.3144 2.4936 0.9428
3.7177 2.0455 0.8710
4.0659 2.6803 0.8278
4.8219 2.3777 0.7151
4.5438 1.8720 0.8599
4.2695 2.3665 0.7107
4.6319 2.0177 0.8856
4.1092 1.6479 0.8079
4.4417 2.6712 0.8051
5.0719 2.1633 0.7783
4.0558 2.0851 0.9180
3.9316 2.6067 0.8299
4.2189 2.2912 0.8368
4.3310 1.5986 0.9483
4.0711 3.1099 0.9206
4.2589 1.9359 0.7136
4.1920 2.0661 0.8471
3.5765 2.7230 0.7186
4.8106 2.3780 0.9281
3.9036 2.4429 0.7341
4.4514 3.2566 0.8217
4.6814 2.2374 0.7071
4.5891 2.7696 0.7540
4.2857 2.7341 0.9979
3.3807 2.1681 0.8645
4.4524 2.8622 0.7445
4.1477 2.2587 0.7010
3.7651 2.0199 0.9363
3.6450 2.2047 0.7171
3.9661 1.8876 0.8763
3.8978 2.4812 0.7617
4.7049 1.8987 0.9579
3.4565 1.8075 0.9837
4.5593 1.9701 0.8653
4.5912 2.0110 0.7060
4.2230 2.0499 0.9847
4.2614 2.8614 0.8422
3.8221 2.3243 0.7558
3.7789 1.8249 0.8252
3.9702 1.8564 0.8743
3.7306 2.3434 0.9009
4.7289 2.1994 0.9410
4.8599 2.6217 0.7770
4.3655 1.9134 0.9041
3.9230 2.0227 0.7323
4.0788 1.5656 0.8466
4.3081 1.4995 0.9542
3.7551 2.5677 0.8699
3.9291 2.8105 0.7920
3.5578 2.4244 0.8195
4.0529 2.9332 0.9694
4.0474 3.2202 0.9250
4.7388 1.9938 0.8071
3.2176 2.0422 0.7859
3.9768 2.6800 0.7285
4.6179 2.5106 0.7611
3.7161 2.0265 0.8892
4.1092 2.3471 0.7186
4.9315 2.4807 0.9367
3.4602 1.8417 0.7079
4.3003 1.9382 0.9076
4.0913 2.5638 0.8254
4.8595 1.8594 0.8582
3.9518 2.5874 0.9033
4.2893 1.7077 0.9281
4.6249 1.4495 0.9509
4.3981 3.2139 0.8247
4.9867 2.4165 0.7601
4.0514 2.9863 0.8018
3.6525 2.1328 0.8527
4.1289 1.5753 0.8626
3.8684 2.7527 0.7306
4.3970 2.9447 0.9618
3.8453 2.1428 0.9929
4.3225 2.4530 0.9851
3.7394 2.6265 0.9472
4.4285 2.4523 0.8589
4.0921 2.0044 0.8581
4.2183 3.0201 0.9684
3.5167 2.4139 0.9883
4.3776 1.9873 0.8458
3.9403 1.8138 0.8975
4.4642 1.7287 0.8081
4.1841 2.4955 0.8980
4.6230 2.6623 0.7926
3.7359 1.7437 0.7431
5.0795 1.7863 0.7261
3.8857 2.9026 0.9600
4.6206 2.3387 0.7896
4.2484 2.6678 0.8506
4.6922 1.7573 0.8728
3.3470 2.1601 0.8028
3.5664 2.0896 0.9730
3.4021 2.8796 0.9749
4.8888 2.0459 0.9454
3.8416 1.8189 0.8878
3.5492 2.3589 0.8785
4.5259 2.8186 0.9711
3.7517 2.2496 0.9173
4.3568 1.7112 0.8061
3.8361 2.8015 0.9075
4.4169 3.1558 0.7823
4.0993 1.5640 0.8493
4.3994 2.1969 0.8869
4.4754 1.7281 0.7633
4.9550 1.7753 0.7553
3.9271 2.3043 0.8272
4.2211 2.2589 0.7926
4.0337 1.9139 0.8897
4.2401 2.6287 0.7975
4.3404 1.9471 0.9470
4.2290 2.4923 0.8534
4.1265 2.1188 0.7196
3.7617 2.4759 0.8641
3.7527 2.2358 0.7425
4.2867 2.2679 0.8671
4.2853 2.7558 0.8180
4.1501 2.9118 0.8399
3.8638 2.4756 0.8254
3.3952 3.0919 0.7662
4.4938 2.9275 0.7748
4.3425 2.2183 0.9545
4.2692 2.5869 0.8839
4.2849 1.9160 0.7283
3.6133 2.3937 0.9824
4.3380 2.1172 0.9450
3.9866 2.1705 0.8595
4.2827 2.1451 0.7823
4.6528 2.2659 0.9046
3.8512 3.0869 0.7552
4.1785 2.8746 0.7974
3.7607 2.7233 0.9358
5.3304 3.1145 0.9200
4.2614 1.6441 0.8361
4.4313 1.5949 0.9415
3.7552 1.9671 0.8262
4.0057 2.3615 0.7981
4.0444 1.9279 0.7852
4.2939 1.7717 0.7178
4.9370 2.4545 0.9716
4.9551 1.9683 0.8398
4.8571 2.7140 0.8404
4.5626 2.6898 0.7286
4.5985 2.2135 0.8730
4.1952 2.3672 0.9916
3.5870 2.3697 0.9164
4.2883 2.9717 0.8509
4.2619 2.2918 0.9948
3.9995 2.5704 0.8153
4.1137 2.0030 0.9482
3.7209 2.3934 0.8099
4.5988 2.7779 0.7248
3.7410 3.2307 0.8710
4.1165 2.9915 0.9804
4.4885 2.0887 0.9744
4.0922 2.4807 0.9902
3.7288 2.4128 0.7470
3.8531 2.5203 0.7167
4.0533 2.1465 0.8913
4.0547 1.9607 0.7816
4.9474 2.5233 0.7432
4.5668 2.4379 0.7185
4.2169 2.1918 0.9579
4.5595 2.5973 0.9109
3.5423 2.4350 0.7926
4.7721 3.1849 0.9167
3.9406 1.8304 0.9998
4.5235 2.6593 0.8055
4.1833 2.1774 0.7761
4.1520 1.9309 0.8755
3.4798 1.8727 0.7011
3.6721 1.3373 0.9143
3.9770 2.3041 0.7667
4.1922 1.9474 0.9234
4.1219 1.9406 0.9065
3.9027 1.9313 0.8784
4.6335 1.9344 0.7074
4.6586 2.6284 0.9378
3.7528 2.5995 0.9911
3.9501 2.6269 0.7918
4.1328 1.8045 0.9088
4.1700 2.2604 0.8512
4.4158 2.9439 0.7679
3.9950 2.1784 0.9542
3.9227 2.3009 0.9220
4.3976 2.9300 0.7143
4.4628 2.2032 0.7783
3.4957 2.5562 0.9927
3.7187 2.3865 0.7204
4.4663 1.6446 0.9322
4.6380 2.6709 0.8865
4.2080 2.3034 0.8038
4.2106 2.5655 0.9986
4.2164 1.6794 0.9621
3.6669 1.6998 0.7716
3.7978 2.1834 0.7415
3.7728 2.9250 0.9704
5.0246 2.3023 0.8375
3.7669 2.7914 0.8899
4.3383 2.8378 0.9548
3.9591 2.3734 0.8245
4.3188 2.1636 0.9553
3.7784 2.4957 0.7510
4.5201 2.0119 0.7491
4.3519 1.5870 0.7699
4.3591 2.1278 0.7438
4.1551 3.1258 0.7284
4.5402 2.9423 0.7245
3.6720 2.6122 0.9795
4.6460 2.4592 0.7973
4.4897 2.4786 0.8006
3.9751 2.7887 0.9175
5.1450 2.1087 0.8147
4.0523 2.6640 0.8428
3.7879 2.4900 0.7920
4.1782 2.0288 0.8463
4.3552 2.2055 0.8883
3.7156 1.8752 0.9780
4.1416 2.0418 0.7594
3.5810 2.4247 0.8384
3.9070 2.3816 0.7982
3.2115 2.5572 0.7942
3.7894 1.8242 0.8452
4.6643 2.6037 0.7903
3.8005 2.7166 0.7418
3.5706 2.2434 0.9732
4.4402 2.1936 0.8907
4.4037 1.7870 0.9861
3.7659 2.7489 0.8910
4.1347 2.0072 0.9229
3.9742 2.8075 0.7818
3.5298 2.4344 0.9779
4.2896 2.9118 0.8875
3.8381 2.3549 0.7893
4.0699 2.4003 0.7710
5.1333 2.3634 0.7029
3.9000 2.5601 0.9911
4.5368 2.9157 0.9602
5.1476 1.9554 0.7971
4.3808 2.3864 0.8896
4.5213 1.9824 0.7878
4.4463 2.5438 0.9501
4.1539 2.4145 0.8968
4.0446 2.5979 0.7795
4.1891 2.8361 0.7418
4.3838 2.1805 0.8279
4.5510 2.3028 0.9798
4.4891 2.7327 0.8665
4.6600 2.0767 0.8478
4.2522 2.4179 0.9293
4.3111 2.9872 0.7111
4.0919 2.2490 0.7285
3.4355 3.1425 0.9183
4.3872 2.7871 0.7667
4.0052 2.7205 0.9225
4.2164 2.3855 0.7061
4.9556 2.4909 0.8114
4.0777 2.7860 0.8249
3.7605 1.2141 0.8476
4.1391 2.0194 0.9516
3.9084 2.8734 0.7840
3.8079 1.8971 0.8085
4.4009 2.2668 0.8505
4.2739 2.7493 0.7518
3.8864 2.5198 0.7267
3.9554 2.4325 0.8783
4.0715 2.6170 0.8945
4.3724 1.8574 0.8010
4.3597 1.8439 0.7144
3.5187 1.8337 0.7919
4.3845 2.5727 0.9698
3.5651 2.5959 0.9752
3.4730 2.7665 0.8794
4.7838 1.6380 0.9372
4.2124 1.5087 0.7766
3.7994 2.1809 0.9342
4.4610 1.8921 0.7906
4.1272 2.3133 0.9223
4.0928 2.3125 0.8336
4.4143 2.6615 0.7535
3.9141 1.5116 0.9956
4.1919 2.2481 0.7621
4.0442 2.7430 0.9565
4.2812 2.0725 0.9624
3.6638 1.8407 0.7607
4.2571 2.8250 0.7745
4.5827 2.4577 0.8280
3.9282 2.1152 0.8397
4.5451 2.2922 0.8130
4.4632 2.5878 0.8760
3.5128 1.5486 0.8538
4.0993 2.9469 0.7934
3.8304 1.9676 0.7712
4.0895 1.5562 0.9403
3.8093 2.7661 0.9755
3.7930 2.2004 0.9269
4.3169 2.9394 0.8207
4.4688 2.5235 0.9590
4.3370 2.1978 0.8843
3.1569 2.3898 0.8671
4.5871 2.6860 0.7659
3.9633 2.7655 0.7192
3.5999 2.2548 0.9584
4.5052 2.5967 0.9065
3.4986 1.7757 0.7685
4.5102 2.5219 0.8855
3.9938 2.4089 0.9166
4.5145 2.8194 0.9860
4.1496 1.6845 0.9541
4.8354 2.8523 0.8528
4.6754 2.8075 0.7602
4.4366 2.4047 0.7196
4.0502 3.1222 0.7441
4.5213 2.6550 0.8059
4.1006 2.9840 0.8483
3.7601 2.6689 0.7382
4.7698 2.2753 0.9477
3.7994 2.7232 0.8034
4.1678 2.3170 0.7259
4.5845 2.3525 0.9028
4.4184 2.5644 0.9193
4.1300 2.4033 0.8716
5.1442 1.8801 0.9010
3.6134 2.3915 0.9153
3.2545 2.3529 0.8667
4.2147 2.2554 0.7757
4.1361 2.8609 0.7410
4.5555 2.2736 0.8273
4.0539 2.1274 0.8654
3.7286 2.1044 0.9042
4.5567 2.4653 0.7332
4.4647 3.1871 0.8235
3.9565 2.2118 0.8138
4.7439 2.3571 0.9832
3.8772 2.4623 0.9297
4.2340 2.3571 0.9321
4.0505 2.6613 0.8365
4.0046 1.7997 0.9080
4.0882 2.8088 0.9731
3.9979 1.8505 0.7880
4.9367 1.4733 0.8174
4.7010 2.7246 0.8571
3.2351 1.8851 0.8713
3.4850 3.0698 0.8504
3.9061 2.3353 0.8226
4.7794 1.7271 0.9265
3.5265 2.5562 0.8692
4.1982 2.9923 0.8521
4.8991 2.1224 0.9436
4.4575 2.9459 0.9000
4.1563 2.6634 0.9353
4.1414 2.8999 0.9307
3.7555 2.0910 0.9704
4.0082 2.7614 0.8426
4.5632 2.7380 0.7602
4.4939 1.8808 0.7696
3.6968 2.3530 0.9766
3.4585 1.8525 0.8829
3.6923 1.4649 0.9360
4.0757 2.4228 0.8503
4.4255 2.7556 0.9737
4.5875 2.5506 0.7225
3.5580 1.9135 0.9634
4.8325 1.6562 0.9906
4.0601 3.3235 0.8688
4.3486 2.7659 0.9862
3.9489 2.0393 0.9050
4.6055 1.9388 0.7238
3.6114 2.3144 0.8320
4.3232 1.7998 0.8035
4.6479 2.2482 0.9820
4.2417 2.8670 0.7416
4.3472 2.4711 0.7579
4.5065 1.6935 0.7838
4.1324 2.2510 0.9830
4.0344 1.1821 0.8051
3.4753 1.8425 0.8778
3.9075 2.0020 0.8254
3.9050 2.5764 0.8311
4.2241 2.7275 0.9991
4.4155 2.2859 0.8551
3.8892 2.6690 0.8720
4.4426 2.0954 0.7299
4.5261 2.8029 0.9821
4.1669 2.2455 0.7735
4.0055 1.4152 0.8057
4.0403 2.2476 0.8822
4.2370 1.5475 0.9570
4.2158 2.2442 0.8995
4.5358 2.4417 0.8410
4.8129 2.1008 0.8541
5.1142 2.6200 0.9666
4.5156 2.0105 0.7761
4.2005 2.0368 0.8583
5.2547 2.1574 0.8270
3.7055 1.8846 0.8877
4.4581 2.8011 0.9834
4.2803 3.1611 0.7912
3.5968 3.1639 0.7604
4.6450 2.3462 0.8773
3.9445 2.7659 0.7707
4.6500 2.9250 0.9568
3.6864 2.1130 0.7592
3.7712 2.9671 0.8969
4.2488 1.8924 0.7451
4.2240 2.9093 0.9926
4.7020 1.8694 0.9164
4.4558 3.1351 0.7161
3.9068 2.2502 0.9735
3.6494 1.9666 0.9402
4.2559 3.0328 0.7761
4.5248 3.1395 0.9725
4.2005 1.7966 0.8309
3.6175 2.3300 0.8879
3.4208 2.5450 0.7380
3.9867 2.0501 0.8391
4.5935 1.8912 0.7030
4.7066 1.8420 0.7636
4.5575 2.9304 0.8977
4.5224 2.6802 0.8266
3.9635 1.7048 0.9257
3.4013 2.7043 0.7400
3.6572 1.8497 0.9936
4.6276 2.5050 0.7206
4.5631 1.7936 0.9198
4.2249 2.3372 0.9922
3.3474 1.9832 0.7056
3.4374 2.7402 0.7321
4.3786 2.3516 0.9526
4.8068 1.4236 0.8223
4.5019 2.8472 0.8265
3.9488 2.9768 0.8112
3.2934 2.6864 0.9356
4.8458 1.9522 0.8385
4.7292 2.2353 0.7999
4.4456 2.9543 0.9521
4.0522 1.4546 0.9406
4.7159 1.8590 0.8539
3.7529 1.6134 0.7971
4.1165 3.0900 0.8894
4.1050 2.0798 0.9908
4.3010 2.8569 0.9442
4.4358 2.7845 0.9756
5.2958 2.8240 0.9638
3.9539 2.9128 0.7621
3.9301 2.7781 0.8773
3.9339 2.4780 0.8428
4.7427 2.4227 0.9074
3.8568 2.4813 0.8004
4.8239 3.0433 0.7052
4.1087 2.3539 0.8168
3.5636 2.6226 0.8760
4.7346 3.2155 0.9383
4.5496 2.1580 0.8808
4.6589 2.4013 0.9574
3.9686 3.0856 0.7300
5.1129 1.9210 0.9695
4.8704 2.0248 0.9406
4.2736 2.4481 0.9107
4.1907 2.1212 0.8398
4.4176 1.8097 0.9134
4.1109 2.6460 0.9645
4.2945 2.2844 0.9887
4.3842 2.4711 0.8680
4.0323 2.4866 0.9770
4.5991 2.2325 0.8054
4.0635 2.5932 0.7793
3.8075 2.2377 0.8540
4.9612 2.2770 0.7983
5.1840 1.6664 0.8492
4.9683 1.8644 0.7554
4.2298 2.5261 0.9045
4.1298 2.0175 0.9278
3.8607 2.7083 0.9469
4.2878 2.1117 0.7309
3.6913 1.9572 0.9634
3.8931 2.6204 0.8818
3.8796 2.7244 0.8306
3.9243 1.9937 0.7820
4.4843 2.3954 0.7159
4.9084 2.1089 0.7744
4.5969 2.0949 0.9049
4.4993 2.4818 0.7295
3.7575 1.5741 0.9512
4.1667 1.8597 0.7120
4.0151 2.8575 0.8756
3.5257 2.4040 0.9533
4.6361 2.4875 0.8859
4.4649 1.8239 0.9070
4.8992 2.4221 0.9558
4.2573 2.6303 0.7833
3.9362 2.0565 0.7252
4.8393 2.5371 0.7452
4.2399 2.1328 0.8636
4.2040 2.6040 0.9873
4.1396 2.1124 0.8132
4.1658 2.6168 0.8121
4.2758 2.6413 0.9000
4.3381 2.4608 0.7520
4.4332 2.2319 0.7979
4.0225 1.4814 0.8642
4.0201 2.0417 0.7709
3.3054 2.5126 0.9263
4.4549 2.5907 0.8141
4.3464 1.5143 0.8999
3.9792 2.3054 0.8935
4.4918 2.7159 0.7729
4.8740 2.2954 0.7597
3.0538 1.9822 0.8653
3.8334 2.1415 0.7991
4.9335 1.9750 0.7479
4.8731 2.2354 0.7171
4.6309 3.1566 0.9011
4.0926 1.7966 0.7234
4.5466 2.8738 0.8053
4.0345 2.5894 0.8466
4.2405 1.4727 0.8141
4.6721 2.5939 0.8470
4.2395 2.5646 0.8936
4.0249 1.9046 0.9527
4.6248 2.2482 0.8313
4.1755 2.5007 0.8261
4.6093 3.0292 0.7942
4.4037 2.7553 0.9011
4.7257 2.3231 0.9693
4.3062 2.3999 0.8265
4.8091 2.3183 0.7169
4.5246 2.4271 0.7362
4.9789 1.8674 0.9255
4.0687 2.6780 0.8508
3.5137 2.1084 0.8525
4.5824 2.1069 0.9275
4.3257 2.3921 0.9766
3.9061 1.8321 0.9224
4.5460 2.1067 0.8497
4.5973 1.5491 0.8446
3.7257 2.1859 0.8398
4.0096 2.6317 0.8655
4.0146 1.7694 0.8622
4.1655 2.0758 0.8399
4.3894 1.8886 0.7303
3.7738 2.2640 0.8952
3.6023 2.3884 0.7879
3.8917 2.3031 0.7869
4.0370 2.9472 0.8235
4.0552 2.1728 0.7071
4.3295 2.3859 0.9934
4.1090 2.2289 0.9051
3.6297 1.8923 0.8038
3.4846 2.5452 0.8289
3.7567 1.3987 0.9954
3.9261 2.1986 0.8686
4.5035 2.7046 0.9586
4.5160 2.2815 0.7758
4.9272 2.1654 0.7438
3.4313 1.7575 0.7787
4.5268 2.1841 0.9494
3.8870 2.9751 0.9210
4.3377 2.4230 0.8270
4.8699 2.3346 0.7496
5.0872 2.4684 0.8688
3.9985 2.4666 0.9724
4.2126 2.8025 0.9950
4.9987 2.1882 0.7347
4.8035 1.7854 0.8660
4.1632 2.4215 0.9178
4.0457 2.1040 0.9698
4.6086 2.4345 0.7957
4.0940 1.8632 0.7972
4.4073 2.3204 0.7798
4.3595 2.9659 0.9891
4.0455 1.9658 0.8892
3.7214 2.2074 0.8364
4.9978 2.1878 0.9922
4.4208 1.4338 0.8036
4.3437 2.2019 0.8247
4.0199 2.2433 0.7519
4.2063 2.1717 0.7885
3.4888 1.7198 0.7230
4.4785 2.4582 0.8181
4.5008 2.3588 0.7328
3.4065 2.1763 0.7661
4.7575 2.0303 0.8805
4.5766 2.1991 0.7450
4.1677 1.4688 0.7222
4.5900 2.8346 0.8650
3.9450 2.5304 0.9623
4.3156 2.4333 0.7677
4.3606 2.1141 0.9913
3.8744 2.9480 0.9759
4.6168 2.1474 0.9218
4.2272 2.5472 0.9893
4.6866 2.4399 0.7611
3.9129 1.9050 0.9651
4.3688 1.7055 0.8732
3.8090 3.1068 0.8602
3.6313 2.6403 0.7549
5.0031 1.7804 0.8825
3.7347 1.7703 0.8357
4.5864 2.8480 0.9405
4.1830 2.2416 0.9390
4.1800 1.9036 0.9898
4.4665 2.0698 0.7735
3.9527 2.5134 0.9918
4.1894 1.7835 0.9855
3.3174 2.2710 0.7242
4.4281 2.3452 0.8517
3.6541 1.6280 0.7531
3.6534 2.6972 0.8640
4.9450 2.2160 0.8860
4.6268 2.5737 0.7026
3.8745 2.1486 0.8253
4.8635 2.3646 0.8447
4.0317 2.6383 0.8141
3.7467 2.8422 0.7751
4.6598 2.1038 0.8668
3.9893 3.2312 0.8726
4.1687 2.8792 0.9899
4.6339 2.0869 0.8095
3.9121 2.0832 0.7763
4.0130 1.9342 0.8430
4.7751 2.6698 0.8807
4.2728 2.3546 0.7602
3.9193 2.1701 0.7148
3.8537 2.3915 0.9884
3.4871 1.5154 0.8153
4.0281 2.0760 0.8607
4.1740 2.3990 0.9930
4.1779 3.0879 0.7581
4.1267 2.1161 0.8525
4.4673 2.4303 0.9013
3.9245 2.6088 0.8256
3.8799 2.0816 0.9494
4.2879 2.9627 0.7845
4.1126 2.2170 0.9653
4.5342 2.4469 0.7298
3.5006 2.6895 0.7218
3.5094 1.5831 0.9864
4.2627 1.4896 0.8432
4.9186 2.0707 0.8184
4.4417 1.7512 0.7042
3.0974 2.5026 0.9038
4.8077 1.6917 0.8206
3.5118 3.0267 0.8148
4.5203 1.6545 0.9755
4.1437 1.6697 0.7397
4.6531 2.5757 0.9106
4.7049 2.6284 0.7922
3.7957 2.9472 0.7777
4.1260 2.1839 0.8824
4.8515 1.9187 0.7750
3.6848 1.2886 0.8109
4.6380 2.1431 0.8948
5.0110 2.0534 0.8861
4.6813 2.1411 0.8557
4.9901 2.1016 0.7091
3.3954 2.1230 0.7040
3.9234 2.4443 0.7952
4.4980 2.2187 0.8105
4.0880 2.1569 0.7704
3.9547 2.3618 0.8828
4.3752 2.2227 0.7750
4.3218 2.3669 0.7249
3.8626 2.0540 0.7711
4.2275 2.3083 0.9297
4.2433 2.1784 0.7888
3.9112 2.0143 0.7436
4.2458 2.9254 0.9841
4.1307 2.5750 0.8315
4.0154 2.1554 0.9348
3.9121 2.8179 0.8440
4.1543 2.5623 0.9902
4.3695 1.9872 0.9846
4.6672 1.3024 0.7322
4.0573 2.7640 0.7449
4.5390 2.0247 0.9235
4.2167 1.9259 0.8531
4.2661 2.9450 0.8204
4.3799 2.0306 0.9226
4.5372 2.4564 0.8530
4.5698 2.8368 0.8222
4.7379 2.4164 0.7106
4.1422 1.9806 0.9779
4.6061 2.2110 0.9766
4.5073 2.2167 0.9790
3.4685 2.2735 0.7036
4.8669 2.2371 0.9765
3.9548 1.6329 0.8786
3.9990 1.4738 0.8283
4.5517 3.0623 0.8630
4.9476 2.2843 0.9557
4.8786 2.2278 0.9783
3.9662 2.4978 0.7279
4.3795 1.7307 0.8079
3.7010 2.7719 0.7697
3.2367 2.0387 0.9704
4.0237 1.7618 0.7984
4.6610 2.3804 0.8637
4.4627 2.3395 0.7176
4.4518 1.5882 0.9339
4.8228 2.3171 0.9431
3.7419 2.1809 0.9864
4.4134 2.5646 0.7748
3.8991 2.2279 0.9616
3.8519 1.7773 0.8842
4.4355 2.6108 0.8474
4.5131 1.9768 0.8234
3.7882 2.3301 0.9362
4.7911 2.5782 0.9980
4.9622 3.3261 0.9447
4.7042 1.5154 0.7516
4.1283 2.4895 0.9544
4.2001 3.0351 0.9085
3.9829 2.0436 0.7784
3.7370 2.7986 0.8671
3.7572 1.7925 0.8767
4.1110 3.1581 0.9701
4.5990 2.3665 0.7057
4.0538 2.4563 0.7455
4.6993 2.6983 0.8530
3.6825 2.8732 0.7491
3.6792 2.3644 0.9630
3.2579 1.7197 0.7087
4.4074 1.9144 0.8511
4.4599 2.3840 0.9850
3.6603 2.8078 0.7202
4.4818 2.6456 0.9037
3.5788 2.2360 0.8905
4.0724 2.2970 0.8913
3.8582 2.3478 0.7062
3.8038 2.0917 0.8260
5.1751 1.9050 0.7568
3.9883 2.6202 0.7274
3.7602 2.8143 0.7192
4.4526 1.9978 0.7108
3.8623 1.9857 0.7492
4.0346 2.9331 0.7492
4.6605 2.5472 0.8116
4.4744 3.3126 0.8834
3.9751 2.3360 0.8865
3.7751 3.2633 0.9225
4.2850 3.0611 0.9119
3.7776 1.6973 0.9429
4.4456 2.4471 0.8750
4.2803 2.4419 0.7556
4.3418 2.2817 0.9256
4.0039 2.0698 0.7211
4.5278 2.8057 0.8133
4.4567 2.3980 0.7850
3.9688 2.6305 0.7259
3.3650 2.5460 0.8403
4.0309 3.0748 0.8856
4.5942 2.8405 0.7211
3.6903 2.5195 0.7252
3.6714 2.6678 0.7619
3.8694 2.5252 0.7713
4.0763 2.8612 0.7375
4.3282 2.5079 0.7918
4.0653 2.1967 0.9991
4.0170 2.8368 0.7716
3.7825 2.8338 0.7612
3.8043 2.7589 0.7490
5.0584 2.4410 0.9372
4.2472 1.2763 0.7289
3.9565 2.3161 0.7970
3.9065 3.0722 0.9721
4.6149 2.3191 0.8819
4.3241 1.9968 0.9928
4.2435 1.3563 0.8931
4.0280 2.1054 0.7727
4.3523 1.5500 0.8321
4.3489 2.4410 0.7563
3.8931 2.1855 0.9313
3.7277 2.3850 0.7325
4.6260 2.7517 0.8463
4.9029 1.7168 0.8669
4.1599 2.1220 0.8002
4.2977 1.1461 0.8281
4.4473 2.3122 0.7484
3.8662 1.9536 0.8865
4.5202 2.2944 0.9826
3.5590 2.0753 0.9583
4.9730 2.1873 0.8932
4.4280 2.3325 0.9530
3.6630 2.1846 0.9664
4.2470 2.0711 0.9656
4.0427 2.3177 0.9871
4.3931 3.1239 0.7703
4.0986 1.6222 0.7612
4.2835 2.1220 0.9136
3.8768 2.8428 0.9334
3.8255 2.8502 0.7276
3.7187 1.9066 0.9783
3.3211 2.7912 0.9609
4.5369 2.5786 0.8493
4.1084 2.0827 0.9248
4.1748 2.6140 0.9072
4.4818 1.5327 0.8448
3.9850 2.1137 0.7728
4.4359 2.5154 0.8559
3.6853 2.3382 0.9965
3.6009 2.0532 0.8648
4.1193 2.6634 0.9561
4.0927 2.4991 0.7761
3.7124 2.0513 0.9213
4.8230 2.3697 0.9278
4.0991 2.6631 0.7163
4.2099 1.9041 0.7557
3.4935 1.9047 0.9959
4.2861 1.9514 0.8975
3.7085 2.3652 0.7867
5.0294 2.6197 0.9951
4.6454 2.4825 0.9640
4.1155 1.8225 0.7584
4.4495 2.6946 0.9912
3.8398 1.8347 0.7553
4.4980 2.6043 0.7742
4.8384 1.8866 0.9862
4.3376 2.2545 0.7359
4.4907 2.2297 0.8275
5.0534 2.5622 0.8240
4.0167 2.0778 0.8873
3.4160 1.2599 0.8884
4.1246 2.6531 0.7456
4.7508 1.9150 0.7297
4.0328 2.6715 0.8466
3.6363 2.2668 0.8902
4.1572 2.3355 0.9174
3.7583 2.0002 0.8551
4.5519 3.1357 0.9982
4.3965 2.4504 0.9227
3.9201 2.1886 0.7253
4.8470 2.7102 0.7072
4.2696 2.0829 0.9077
5.0100 1.7236 0.7220
4.0227 2.6697 0.8247
4.4434 2.4196 0.9814
4.0437 2.3735 0.7300
4.7712 2.3243 0.8122
3.7724 2.5823 0.8401
3.9416 2.9345 0.8135
4.1449 2.2615 0.7815
3.8156 2.4890 0.9038
3.9828 2.1181 0.8363
4.8440 2.4250 0.7725
4.2991 2.5552 0.7423
4.3652 1.9161 0.7760
4.1869 2.1873 0.9162
3.7891 2.4385 0.9010
3.9310 2.6079 0.9749
3.2341 3.3595 0.9398
4.3079 2.0674 0.8711
5.0099 2.1789 0.8861
4.0576 2.7894 0.7256
4.5066 2.1326 0.7506
3.6307 2.2904 0.9864
4.6546 2.3232 0.8199
4.4159 1.9755 0.9467
4.5906 2.6888 0.7172
5.0010 2.4764 0.9780
4.0403 2.1885 0.7800
4.4976 2.1829 0.9539
4.4824 1.7818 0.8258
3.9202 2.3063 0.7112
4.1460 1.8934 0.8403
4.2018 3.3607 0.7075
3.5706 3.2974 0.8759
4.8893 2.5679 0.7293
3.9894 2.2517 0.7929
3.8522 2.5916 0.7822
4.7407 1.2866 0.7980
5.1424 2.9929 0.9927
4.0697 1.7206 0.7412
4.8142 2.3893 0.8638
4.2331 1.8151 0.7969
4.7007 1.8930 0.8058
3.9456 2.2617 0.7938
4.9354 1.9685 0.9873
4.9403 2.7335 0.9439
4.5609 2.3893 0.8825
4.0565 2.6157 0.8702
4.0688 2.9509 0.8056
4.0716 2.4099 0.8096
4.7743 1.7670 0.7774
4.6805 1.4721 0.7998
4.9765 2.1080 0.9522
4.4967 2.0043 0.7114
4.6063 2.3251 0.8840
4.0608 2.2104 0.9707
4.0491 3.0286 0.7379
4.5203 3.0493 0.8176
4.2057 2.8275 0.8766
5.1719 2.1702 0.8638
4.3143 1.8875 0.8945
4.7750 2.7437 0.7306
3.6009 2.5516 0.9474
4.6804 2.7487 0.9778
3.9426 1.7273 0.9558
4.4088 2.7475 0.7437
4.8259 2.1140 0.8655
4.5968 2.4613 0.8293
4.2009 2.3560 0.7386
3.5803 2.0103 0.9422
4.0679 2.8953 0.9591
4.4491 2.8870 0.7841
4.0864 2.8472 0.7638
4.4126 1.7461 0.9932
4.7155 2.4195 0.7975
4.6979 1.9602 0.8553
3.9148 2.4191 0.7314
4.0441 2.0120 0.8459
4.6244 3.2328 0.7248
4.3009 2.4041 0.7728
3.3729 2.2557 0.9379
3.8013 2.2792 0.8361
4.2027 2.4644 0.9715
4.0204 1.6941 0.9095
3.9829 2.1212 0.8016
3.9083 2.8767 0.9667
3.5099 2.9880 0.9460
4.7560 2.8205 0.7207
3.6138 2.4051 0.7325
3.9326 2.2738 0.7082
4.7958 1.8916 0.7814
3.5722 2.4637 0.7300
4.4624 2.4746 0.7637
4.3055 1.9558 0.7406
3.5479 1.8505 0.9910
5.1785 3.0770 0.9693
3.8643 2.1474 0.8305
4.8942 2.3831 0.9309
4.4499 2.3838 0.9577
3.5048 1.6641 0.8559
5.0821 2.6852 0.7643
4.0366 3.0638 0.9181
4.0930 2.5668 0.9587
4.2564 2.1727 0.7647
4.2566 2.6466 0.8371
3.7922 1.7054 0.7492
5.3188 2.3529 0.8039
4.4165 3.0149 0.8271
3.8427 2.4253 0.7736
3.9951 1.6507 0.8877
4.6113 2.2028 0.8368
4.2534 2.8121 0.9667
4.8919 2.1868 0.9177
4.0362 2.5870 0.9896
5.0898 3.0506 0.9267
3.9279 2.6496 0.8520
4.2766 2.3536 0.9194
4.7381 2.0103 0.8171
3.7462 2.4779 0.9533
4.5820 2.4624 0.9261
4.0434 2.8285 0.9792
4.1716 2.4089 0.7356
-3.3957 3.1017 1.3091
-2.9215 3.3648 1.2948
-3.4327 1.9810 1.2158
-3.5953 2.7214 1.1638
-3.5320 3.4219 1.0727
-3.3508 3.2190 1.2812
-2.5832 2.5101 1.3452
-3.0918 2.9091 1.2726
-3.2878 3.0089 1.3282
-2.7545 2.9286 1.1808
-3.6221 2.8345 1.2852
-3.2191 3.3244 1.0537
-3.7921 3.6028 1.1342
-2.9261 3.3813 1.2726
-3.1283 2.6481 1.3251
-4.1033 3.3379 1.1014
-3.6897 2.7291 1.2661
-3.2649 3.2979 1.2712
-4.0608 3.4174 1.1239
-2.8391 3.4320 1.0798
-3.9737 3.6271 1.0859
-3.2244 2.2878 1.2270
-2.8982 3.2829 1.2266
-4.1990 3.0487 1.0702
-3.6844 3.5221 1.3148
-3.9058 3.4955 1.1061
-3.6030 3.1163 1.3120
-3.9434 2.9241 1.1181
-3.8340 2.8616 1.2104
-3.3638 3.2597 1.1101
-3.6263 2.9217 1.1122
-2.7321 3.4725 1.2260
-3.9770 2.2715 1.2249
-3.3543 3.4468 1.2662
-3.6312 3.2552 1.3165
-3.4476 3.3271 1.1130
-3.2608 3.0777 1.2963
-2.9681 3.7050 1.2973
-3.5730 3.1787 1.2495
-3.6062 2.7767 1.2339
-3.5528 3.2259 1.1982
-3.2557 2.9254 1.2537
-3.2400 3.0461 1.2883
-3.2417 3.0279 1.2318
-3.1011 3.1665 1.0517
-2.9610 3.2816 1.0645
-3.4685 3.2119 1.2551
-2.9623 3.0594 1.0659
-3.4016 3.7643 1.0733
-3.0948 3.2085 1.1419
-3.6107 3.9872 1.1033
-3.6414 3.2720 1.1373
-3.7045 3.5766 1.2127
-3.4403 3.7190 1.1461
-3.7943 3.4567 1.2821
-3.2680 2.8262 1.1077
-2.8561 3.4811 1.1059
-3.1965 2.9411 1.2928
-3.7265 3.1573 1.1469
-3.6913 2.8457 1.0795
-2.8839 2.6240 1.1450
-3.7286 2.8509 1.0629
-2.7569 2.5066 1.0519
-3.6609 2.8032 1.0854
-2.9978 3.4448 1.3424
-3.1030 2.6600 1.3446
-2.7279 3.4573 1.2419
-4.0724 3.5434 1.2056
-3.4897 3.3729 1.3393
-2.9035 4.1056 1.1186
-4.3006 3.2905 1.2291
-3.9443 2.1332 1.1093
-2.6771 3.2772 1.0870
-2.9807 2.6775 1.1670
-2.9596 3.3986 1.3213
-4.1117 3.4688 1.1896
-3.4015 2.1891 1.2007
-3.3551 3.2068 1.2645
-3.0122 3.0469 1.1405
-2.6864 2.8067 1.2383
-3.2996 3.7054 1.1634
-3.8037 2.8235 1.0856
-2.6572 2.9882 1.1436
-3.0957 1.9704 1.0800
-3.6342 3.1653 1.1316
-3.7717 3.0836 1.3335
-2.8658 3.6454 1.2379
-3.8726 2.7772 1.0615
-2.8279 2.6851 1.1688
-2.9171 3.1981 1.0755
-3.7747 2.7612 1.1522
-3.3365 3.4613 1.2661
-3.9605 3.1678 1.1085
-2.8040 3.4394 1.1423
-3.5080 3.1547 1.3046
-4.0607 2.4112 1.0992
-3.6494 3.7964 1.3235
-3.6767 2.5325 1.3226
-3.5033 2.7594 1.1795
-3.9414 3.1244 1.2638
-3.0484 3.6053 1.1527
-4.0568 3.2307 1.0632
-4.2342 2.6572 1.3053
-2.5396 3.0218 1.2231
-3.7090 2.9106 1.1126
-3.4683 2.6601 1.1548
-2.6295 3.1575 1.1932
-3.9853 2.9501 1.2193
-3.1148 3.0200 1.2942
-3.7099 3.3053 1.2638
-3.5552 2.8115 1.2803
-3.0408 3.4377 1.1943
-3.2082 3.2796 1.3225
-3.4540 2.9469 1.1410
-3.5356 3.1357 1.0875
-4.0365 2.8604 1.3323
-3.7945 3.6500 1.3300
-3.2658 2.3991 1.1159
-2.8546 2.9102 1.1833
-3.6031 3.1056 1.2206
-3.0689 2.9471 1.0706
-3.4974 3.3805 1.1595
-3.7887 3.0993 1.3175
-3.4856 3.4658 1.2974
-3.0747 3.9136 1.2756
-4.0762 2.6433 1.1729
-3.0866 3.2862 1.2624
-3.4907 3.2274 1.3329
-2.8142 2.9311 1.2288
-2.6664 2.7193 1.3349
-3.1726 2.5951 1.0776
-3.8770 2.6075 1.2644
-3.5958 3.1657 1.3108
-4.0473 3.3306 1.1163
-3.8647 2.5648 1.1856
-4.2139 3.3821 1.0792
-2.9633 3.0292 1.3413
-2.7646 2.7510 1.3438
-3.7582 3.2752 1.2237
-3.7946 2.6833 1.3176
-3.0665 3.4264 1.2188
-3.3214 3.3401 1.1707
-3.2409 3.3633 1.2100
-3.8035 2.9817 1.3388
-2.5930 3.0946 1.1355
-3.8403 3.3600 1.0888
-3.8663 3.3068 1.1388
-3.9994 3.2590 1.2734
-2.7962 2.9805 1.1191
-3.6388 2.8729 1.2873
-3.2755 3.4866 1.1938
-3.8879 3.3113 1.0540
-3.1146 2.1354 1.2267
-3.5743 2.8546 1.2425
-2.9196 3.6296 1.2427
-3.2711 3.6125 1.0973
-3.7416 3.1001 1.0944
-3.0761 3.6458 1.0968
-3.5475 2.3709 1.0535
-4.0732 3.3539 1.1814
-3.8162 2.8845 1.2171
-3.0950 3.5531 1.2584
-2.7364 3.1097 1.2452
-3.6527 3.3139 1.3388
-2.8196 3.2379 1.2113
-3.1636 3.2950 1.2306
-3.0057 3.2234 1.1635
-3.1774 2.9996 1.1614
-3.6212 3.1417 1.1878
-3.9223 3.0802 1.1526
-3.5644 3.8404 1.3434
-3.8475 3.3887 1.1858
-3.0859 3.3932 1.3342
-3.7301 3.5394 1.2107
-3.3604 3.2091 1.2004
-3.0663 2.5888 1.1068
-3.1113 2.7887 1.1854
-4.5392 2.8216 1.0522
-3.3550 3.6401 1.2622
-2.8704 2.9666 1.3372
-3.7790 3.4496 1.3332
-3.3270 3.2025 1.1087
-3.8159 3.1343 1.3307
-3.1937 3.0405 1.3101
-3.4168 2.6742 1.1012
-4.2419 2.9390 1.2142
-2.8287 2.9470 1.3391
-3.7514 3.3135 1.1948
-3.3797 2.8840 1.0866
-3.5290 3.2946 1.2730
-3.2931 2.6277 1.2419
-2.8440 3.1640 1.1694
-2.8208 3.0223 1.2458
-3.2178 3.4937 1.3123
-3.5806 3.1603 1.1526
-2.8424 3.0984 1.1734
-2.9364 3.3987 1.1755
-3.5140 2.9037 1.3256
-3.3433 2.9173 1.2181
-3.4284 2.6558 1.1329
-2.9801 3.0624 1.2154
-3.1014 3.1799 1.0921
-3.4770 2.3788 1.0939
-3.8276 2.7451 1.1301
-3.7062 3.4238 1.2737
-3.6211 2.8957 1.1266
-3.2524 3.6049 1.0587
-3.1839 3.1302 1.0627
-3.5116 2.7304 1.2537
-2.9091 3.3178 1.1962
-2.9425 2.9862 1.1832
-3.7366 2.5674 1.2121
-3.3615 3.1930 1.3304
-3.4358 2.9749 1.3084
-3.4858 3.6374 1.3413
-2.9756 2.9354 1.3171
-2.7938 3.0427 1.3066
-3.1010 3.5049 1.1567
-2.5874 3.0330 1.3288
-2.8103 3.1893 1.2231
-2.6617 2.5400 1.3471
-3.7545 4.0026 1.2780
-3.0235 3.0748 1.3277
-3.6520 2.7520 1.1512
-3.2846 2.5912 1.0706
-3.3217 2.5284 1.1577
-3.2258 2.8658 1.2308
-3.3710 3.9994 1.2089
-3.0417 3.3178 1.2480
-3.0765 2.8262 1.2883
-4.1864 3.9550 1.3148
-3.4535 3.2785 1.3367
-3.5042 2.9109 1.3356
-3.1690 2.8350 1.2655
-3.1850 3.2028 1.1279
-2.7944 3.0398 1.1614
-2.7645 2.8392 1.1442
-3.0739 2.5669 1.0784
-2.8534 3.4559 1.3279
-3.1244 3.4984 1.1008
-3.0339 3.1690 1.2205
-2.5908 2.4119 1.1283
-3.9548 3.1571 1.2884
-3.5356 2.5788 1.3415
-3.5411 2.9894 1.0920
-2.6403 3.5171 1.0820
-3.1679 3.1539 1.2588
-3.4268 3.7841 1.0829
-2.6804 2.8758 1.2035
-3.6096 2.9756 1.3442
-3.7773 3.3058 1.1447
-3.6577 2.5190 1.1205
-3.8144 3.5605 1.2445
-3.4672 3.5473 1.1052
-3.1863 2.9294 1.2469
-2.7094 2.7834 1.2109
-3.2059 3.2678 1.1458
-3.1759 3.0217 1.0982
-2.9782 3.6066 1.0717
-3.5641 3.7388 1.1409
-3.3600 3.6079 1.1968
-4.1983 3.7720 1.2728
-3.3166 3.3193 1.1048
-3.0278 3.3915 1.2957
-3.4738 3.9622 1.1085
-3.4990 2.9325 1.0680
-3.1877 2.9615 1.1087
-3.4329 3.5187 1.2951
-3.9019 2.3284 1.2258
-2.7126 2.4753 1.3431
-3.5473 2.7166 1.1869
-3.5692 3.1567 1.3449
-3.9594 3.3839 1.0641
-3.3069 3.4446 1.0980
-3.0029 2.9768 1.1253
-3.2559 3.4522 1.1231
-3.1942 2.8605 1.2228
-3.1352 2.7959 1.0920
-3.0675 3.0162 1.1023
-3.4790 3.1210 1.2950
-3.7275 2.9639 1.3014
-4.0328 2.5768 1.3429
-3.6903 3.1702 1.2309
-2.9292 3.4906 1.1299
-2.9681 3.7062 1.2206
-3.7758 2.7210 1.1653
-3.1271 4.1581 1.0712
-3.8918 2.7945 1.0622
-2.7742 3.2095 1.1240
-2.8815 2.9157 1.1795
-3.6789 2.9250 1.2285
-3.2481 3.3722 1.1198
-2.6946 3.2747 1.1135
-3.3963 3.0902 1.1002
-3.7880 3.7172 1.1251
-4.0645 3.3647 1.2122
-2.9356 3.5470 1.2427
-3.3725 2.9116 1.2870
-3.0943 3.3906 1.2108
-3.5543 2.9366 1.2513
-2.9633 3.9486 1.0721
-2.8560 3.0084 1.1150
-3.0660 3.2407 1.1505
-2.6630 2.9898 1.2487
-3.1111 2.5354 1.1615
-3.4120 2.7842 1.0971
-3.8831 3.3809 1.2022
-2.8370 3.0225 1.3097
-3.1762 2.9211 1.1510
-2.9845 3.0681 1.0683
-3.5626 2.6310 1.1770
-3.3520 3.7267 1.2207
-4.1027 3.5528 1.1580
-3.3927 3.7866 1.2116
-3.8282 3.7181 1.3423
-2.5862 2.7002 1.1986
-2.9072 3.8055 1.2907
-2.9337 2.7812 1.0862
-3.6387 3.8267 1.3086
-3.4380 3.7431 1.2486
-3.5206 3.8542 1.0563
-3.7219 3.3795 1.1893
-3.1542 3.0249 1.1148
-3.7503 3.0387 1.1503
-3.5278 3.1168 1.1130
-2.4070 3.2701 1.1590
-3.7274 3.3800 1.2988
-3.8150 2.8641 1.0682
-3.7030 2.7012 1.1950
-3.6776 3.3143 1.1023
-3.3243 2.8127 1.2197
-3.7453 2.9565 1.0550
-3.2976 3.4747 1.3102
-3.5171 3.3183 1.2056
-3.1386 2.8310 1.2695
-3.6637 2.7532 1.0953
-2.9030 3.9138 1.0880
-3.2930 2.5761 1.1596
-3.1268 3.1666 1.1885
-2.8688 3.3081 1.3085
-2.9212 2.5286 1.2284
-3.7721 3.2300 1.3079
-3.5040 2.8790 1.1739
-3.7040 3.4276 1.1070
-2.8899 2.6437 1.1794
-3.1683 2.3854 1.2008
-3.9531 3.4777 1.1445
-3.9658 3.0530 1.2790
-3.7201 2.6550 1.3438
-3.9890 2.8997 1.2131
-3.5620 2.6002 1.1028
-3.5501 2.9077 1.3431
-4.0673 3.1200 1.0922
-3.0621 2.8597 1.2579
-3.0157 3.1221 1.1056
-2.7985 2.8110 1.0923
-3.5207 3.1759 1.3338
-3.9363 3.4405 1.2049
-3.9843 2.8630 1.2349
-3.3691 3.4018 1.2257
-3.4055 2.7664 1.2709
-3.5094 3.2345 1.0857
-3.4075 2.9370 1.1315
-3.9683 3.0503 1.3357
-3.0075 2.2996 1.2406
-3.5538 3.0220 1.3436
-3.5424 2.8897 1.1306
-3.8926 3.6237 1.0978
-2.8407 3.0402 1.1172
-2.8184 3.9429 1.0616
-3.6006 3.2430 1.1146
-3.7422 2.8610 1.2815
-3.8423 2.8337 1.2299
-3.8011 3.9182 1.1751
-2.7648 3.5653 1.0699
-3.0814 2.7463 1.2804
-4.3395 3.6434 1.1202
-3.8958 2.9058 1.1536
-2.9372 2.6641 1.1146
-2.6810 2.7125 1.3280
-3.6489 2.9691 1.1419
-2.8841 3.5637 1.1081
-3.1852 3.0428 1.2335
-3.8935 3.2383 1.1485
-3.5282 3.0558 1.1797
-3.6996 3.0304 1.2572
-4.4100 2.8440 1.3366
-3.0216 2.6955 1.2599
-3.1633 2.7364 1.3376
-3.1597 2.7701 1.2606
-3.0308 2.4958 1.1284
-3.4050 3.2360 1.2259
-3.1390 3.6896 1.1243
-3.5700 3.7186 1.1011
-3.6835 2.9095 1.1535
-2.7119 3.0482 1.2277
-3.4496 3.1844 1.2373
-3.2181 3.0514 1.0749
-2.9519 3.3180 1.0566
-4.0842 3.0992 1.0987
-2.9213 3.8161 1.3215
-3.0392 2.7349 1.2214
-3.4562 3.2310 1.0716
-3.0989 3.5668 1.2454
-3.3815 3.3800 1.2542
-3.1942 3.2587 1.2013
-3.0911 3.4191 1.1279
-3.0189 3.2017 1.2472
-3.4180 2.6142 1.2834
-3.4684 3.3330 1.1051
-3.8631 3.1792 1.3400
-3.0705 2.7507 1.3070
-4.1898 2.8802 1.2208
-3.7560 3.1749 1.0508
-3.3943 2.8179 1.1163
-3.2968 3.1556 1.2974
-4.0584 3.0408 1.0652
-3.6634 3.6928 1.1019
-2.9190 3.9296 1.1045
-3.4491 3.4821 1.2222
-3.2247 2.8760 1.3097
-3.8722 3.0177 1.3162
-2.9118 4.0824 1.1601
-3.3389 2.4709 1.2902
-3.2162 3.1733 1.2572
-2.7686 2.6655 1.2048
-3.6025 2.7128 1.1039
-3.7899 3.1392 1.0698
-3.2845 2.6080 1.2475
-3.3070 3.1032 1.2624
-4.0394 2.5166 1.2060
-3.2863 2.6486 1.1704
-3.6332 3.2234 1.2713
-2.7880 3.1295 1.1995
-2.9305 3.1629 1.2116
-3.4813 2.9947 1.0714
-3.5098 3.8040 1.1232
-3.8938 2.8177 1.2850
-3.0014 2.6439 1.2969
-3.7895 3.0585 1.1935
-3.6587 2.7236 1.3206
-3.0861 2.7545 1.2826
-2.9730 2.6615 1.2195
-2.8987 2.8986 1.1825
-4.1427 3.5888 1.0895
-3.6362 3.1499 1.1377
-3.9731 2.3382 1.2028
-3.1520 3.3517 1.1518
-3.2046 3.1845 1.1935
-3.0151 3.6255 1.3485
-3.8595 3.4297 1.2669
-2.9112 2.4943 1.3028
-3.9026 3.9152 1.1589
-3.1883 2.5817 1.3289
-3.2947 3.2508 1.1968
-3.0256 3.0570 1.1193
-3.1657 3.4752 1.2205
-3.3213 3.3262 1.3453
-3.4245 3.1663 1.3119
-3.5924 3.0208 1.2057
-3.5768 3.5171 1.0922
-3.4617 3.3389 1.0865
-4.1251 2.4851 1.2734
-3.1099 2.6118 1.3149
-2.5561 2.3746 1.2358
-3.7798 3.1816 1.1986
-3.4955 2.6329 1.1479
-2.9826 2.8976 1.0857
-3.9269 2.9852 1.2824
-2.8616 3.3510 1.2921
-2.8871 2.9174 1.2115
-3.5545 3.2776 1.0849
-2.7111 3.1948 1.1317
-3.8563 3.0600 1.2055
-4.1199 2.9862 1.2628
-3.5559 2.3953 1.2253
-3.0117 2.5632 1.3306
-3.5009 2.8202 1.2827
-3.6028 2.2156 1.1806
-3.1642 3.3896 1.2037
-2.4048 3.4772 1.2079
-2.9978 3.1346 1.0958
-4.4336 3.0571 1.2423
-4.2892 2.9392 1.0803
-3.9740 3.7174 1.1172
-2.5922 4.1504 1.2230
-4.0195 3.0534 1.0913
-3.6078 3.6907 1.0938
-3.4328 2.9089 1.1133
-3.1016 3.2542 1.0630
-3.3698 3.3762 1.1173
-3.8350 3.5992 1.0837
-3.5447 2.5767 1.0656
-3.8680 3.5350 1.3446
-2.8264 2.8725 1.0893
-3.4794 3.0501 1.1640
-2.8612 3.1124 1.2824
-3.8115 3.3233 1.1636
-3.6085 2.4970 1.1543
-3.7468 4.1120 1.1690
-3.7617 3.2960 1.3006
-3.1289 2.2543 1.0554
-2.4621 3.1416 1.0924
-3.4634 2.4161 1.2669
-3.3911 3.5566 1.1650
-3.3932 2.9916 1.1856
-3.4666 3.4653 1.2902
-3.2582 3.3888 1.1111
-3.5545 3.7397 1.2000
-3.1705 2.8321 1.2168
-4.1124 3.2611 1.1730
-3.9020 3.4034 1.2746
-2.7384 2.9395 1.1501
-3.4871 3.2034 1.2847
-3.0788 2.3858 1.1104
-3.4648 2.8576 1.1876
-3.3443 3.6391 1.1402
-3.6874 2.8020 1.1900
-3.3991 3.7666 1.2823
-4.1169 3.2145 1.0738
-3.6791 3.4931 1.2832
-3.2895 2.8053 1.2908
-3.6189 3.2852 1.2714
-3.9091 2.7392 1.0568
-3.1106 2.9197 1.3353
-3.5563 3.0827 1.1512
-2.9088 2.6772 1.2200
-3.4825 2.8955 1.1789
-3.1112 2.9103 1.2771
-3.5618 2.9640 1.0817
-3.8117 2.3228 1.2660
-3.4686 3.1576 1.0566
-3.2717 2.9519 1.0701
-3.5968 2.9133 1.2753
-3.3130 3.6925 1.1464
-4.2540 2.5771 1.2644
-3.4811 3.6428 1.2173
-3.4680 2.3938 1.1267
-3.9360 2.5476 1.3332
-2.9975 3.2856 1.1203
-3.2828 3.0727 1.3272
-3.8603 3.4468 1.0883
-2.8286 3.0851 1.1395
-3.3972 3.2485 1.1158
-4.0761 3.0224 1.1603
-2.9903 2.9426 1.0985
-2.8673 3.1019 1.3115
-3.7708 2.7737 1.2124
-3.0484 3.4297 1.2070
-3.9470 3.0044 1.0889
-2.4689 3.7411 1.2944
-3.1722 3.1671 1.2994
-3.6327 2.4523 1.1261
-4.1224 3.4375 1.0536
-3.4622 3.6729 1.2359
-3.4320 2.9139 1.1826
-2.9006 2.2467 1.3425
-2.9515 2.6881 1.2383
-3.4851 2.7964 1.1679
-3.0701 3.3515 1.1509
-3.2101 3.3720 1.1842
-3.1918 2.1907 1.2819
-4.1827 2.9397 1.2787
-3.0437 2.4383 1.2387
-3.8434 3.6613 1.1067
-3.2855 2.8033 1.1190
-3.7990 3.0204 1.2661
-2.8526 3.4598 1.2822
-3.3798 2.7432 1.3338
-3.2092 3.0635 1.1249
-3.3113 2.9183 1.3343
-3.1414 3.2510 1.2378
-2.9624 2.1344 1.3150
-2.2298 2.8403 1.1625
-2.7756 3.7471 1.1753
-3.0948 2.5012 1.3081
-2.5303 2.5075 1.1770
-3.7469 2.9901 1.2624
-3.0068 3.0532 1.1470
-3.2406 2.2954 1.1973
-4.3995 2.9316 1.3201
-2.6638 2.4655 1.3454
-2.4369 3.6521 1.2381
-3.2316 3.5333 1.1900
-3.0881 3.2661 1.1865
-3.1947 2.6115 1.0686
-3.0007 3.6056 1.2838
-3.9467 3.5555 1.2236
-3.3949 3.0265 1.3018
-3.8730 2.6721 1.2546
-3.4160 3.4768 1.1714
-3.9064 3.6424 1.1005
-3.5533 3.4319 1.0666
-3.1944 2.6176 1.2358
-3.4842 3.0386 1.3495
-3.1682 3.4411 1.1600
-3.7424 2.9755 1.3495
-3.8850 2.8396 1.2210
-3.3020 2.7500 1.3298
-3.4234 2.3594 1.3049
-2.7023 3.0027 1.2082
-3.3520 3.6496 1.1684
-3.5859 2.9996 1.1467
-3.4332 3.1085 1.1534
-4.0627 3.0150 1.2396
-3.9834 3.9034 1.2220
-3.3253 3.2559 1.2118
-3.6032 3.0089 1.1621
-4.0546 2.6068 1.2372
-3.2283 2.9613 1.3441
-3.0900 3.8990 1.1793
-3.1083 3.5142 1.3394
-3.0403 2.9302 1.2052
-3.5000 2.3330 1.1528
-3.8339 3.0985 1.2099
-3.7911 2.7439 1.1450
-3.6060 2.9198 1.0572
-3.9577 3.1399 1.3451
-3.9951 2.9862 1.2988
-2.9720 2.7542 1.2468
-3.2274 3.1459 1.3011
-3.5848 2.9705 1.2665
-3.8598 3.4643 1.3046
-3.4189 3.5638 1.2784
-4.1777 3.6047 1.0854
-3.5446 3.1361 1.0571
-2.5640 3.4225 1.0959
-3.4895 3.3369 1.3201
-4.0630 3.6390 1.1612
-2.9548 3.1274 1.2831
-3.0766 2.5801 1.2022
-2.9192 3.5174 1.0963
-2.8303 3.4719 1.0826
-3.6888 3.0538 1.1377
-3.3133 2.9004 1.1348
-3.8421 3.0405 1.1614
-3.6572 3.2228 1.0508
-3.4697 3.1918 1.1665
-3.5974 3.2193 1.3162
-3.8440 2.9402 1.1182
-3.1939 3.5628 1.1765
-3.4881 3.1490 1.2533
-3.0949 2.6105 1.1315
-3.5591 2.5052 1.0904
-3.3918 3.4538 1.2118
-4.2872 3.7944 1.1712
-3.1132 3.1539 1.2923
-3.9350 3.6258 1.3433
-3.4138 3.8043 1.1797
-2.9697 2.9880 1.1847
-3.0667 2.5546 1.0756
-3.3524 3.2094 1.3238
-3.4361 3.5596 1.3019
-4.1454 3.1338 1.1573
-3.1723 2.5539 1.1777
-3.2982 3.4821 1.2646
-3.0615 3.4356 1.2005
-2.8494 3.3152 1.2015
-4.3550 1.9058 1.0968
-3.4552 2.6300 1.1731
-2.7784 3.3889 1.1277
-4.1238 3.8115 1.2742
-3.7000 3.6836 1.3336
-2.9809 2.8212 1.1005
-4.3617 3.5066 1.1475
-3.9190 2.9800 1.1053
-2.7071 2.7163 1.2738
-3.7132 2.7379 1.2610
-3.7733 3.3339 1.1718
-3.2319 3.6762 1.3131
-3.3091 3.7446 1.0915
-4.4520 3.5846 1.2463
-3.4848 2.9484 1.2287
-3.5118 2.8232 1.2418
-4.2344 2.5206 1.0879
-2.8786 2.0771 1.2570
-3.3544 3.7737 1.1125
-2.9767 2.9772 1.1284
-2.8510 2.9657 1.2537
-4.0359 3.2021 1.1437
-3.3552 3.5156 1.3437
-3.4963 2.9234 1.2810
-2.7464 3.0370 1.2201
-3.9083 3.7285 1.2313
-3.2128 3.1902 1.1390
-3.0578 3.1776 1.2276
-3.7072 2.4399 1.1369
-4.3986 2.6350 1.1690
-3.7743 4.0503 1.1698
-3.4479 3.4011 1.2670
-3.6754 3.5148 1.0919
-4.0142 3.4583 1.2279
-3.2408 2.6057 1.2587
-3.4906 3.3768 1.1304
-3.3721 2.7577 1.2604
-3.1378 2.2544 1.2409
-2.8608 2.7684 1.2419
-3.6491 2.8341 1.3362
-3.6410 2.5295 1.1497
-3.4671 3.1001 1.1559
-3.7423 2.7425 1.2991
-3.8079 2.8417 1.1958
-3.6254 2.5882 1.1769
-2.6756 2.5530 1.2462
-3.0051 2.4672 1.1261
-3.4669 3.6313 1.3038
-3.0068 3.1239 1.1936
-4.2535 3.2720 1.3002
-3.6572 3.2541 1.3037
-3.5894 2.8484 1.3188
-4.0959 3.1560 1.1483
-3.2047 2.8918 1.1843
-3.4901 2.5054 1.2873
-3.6098 3.1157 1.3200
-3.8259 3.4466 1.3487
-3.6859 3.4781 1.0502
-4.1531 3.1783 1.1209
-3.4696 3.5822 1.2950
-3.3158 3.3159 1.0641
-3.3373 3.3814 1.3310
-2.7272 3.0550 1.1500
-3.7612 2.6173 1.1939
-3.3785 3.4873 1.1816
-3.3659 2.7936 1.2479
-3.9813 2.6125 1.2869
-4.0733 2.8979 1.0549
-3.8654 3.9240 1.1047
-3.3573 3.0967 1.2207
-3.3085 2.9240 1.1532
-3.2425 3.1249 1.0872
-3.6992 3.2589 1.1598
-2.9004 2.8353 1.1546
-2.7493 3.0608 1.3028
-3.7300 3.7388 1.0661
-3.7587 3.6557 1.1473
-3.4261 2.2771 1.3471
-3.7241 3.7029 1.2996
-3.0032 2.7981 1.1755
-3.9455 3.4766 1.0546
-3.0211 3.6660 1.1360
-3.6082 2.2023 1.3049
-3.4655 3.8652 1.1044
-3.8192 2.4206 1.3164
-3.5405 3.4103 1.2833
-3.9451 3.2310 1.2972
-2.9898 3.1373 1.1797
-3.6565 2.7833 1.2890
-3.6571 3.6828 1.1663
-4.3068 3.4826 1.1291
-3.9727 3.5927 1.2946
-3.8468 3.8746 1.2774
-2.6948 3.5511 1.1199
-3.6227 3.0362 1.0960
-3.3924 2.5647 1.2645
-4.1526 2.5731 1.2276
-3.7605 3.4908 1.1514
-3.8099 2.2756 1.2687
-3.0594 3.4894 1.2183
-2.8751 3.4281 1.2750
-2.3454 2.5238 1.1227
-3.1019 2.5460 1.2174
-2.9697 3.7631 1.3076
-2.9755 3.2605 1.3119
-3.7354 2.7102 1.2702
-3.2334 3.0187 1.2263
-3.7750 3.0824 1.2923
-3.5194 3.4020 1.3138
-3.1283 3.2098 1.1081
-3.0023 3.0199 1.0784
-3.8021 2.4755 1.2356
-3.4689 3.0467 1.2381
-3.6695 2.4684 1.1349
-2.7944 2.7185 1.2593
-3.4650 3.1245 1.3143
-2.5650 3.4800 1.1841
-3.3309 3.0688 1.3383
-3.2131 3.3548 1.3085
-3.7727 3.6627 1.2304
-3.8000 2.5837 1.0795
-2.4695 2.5263 1.0702
-3.2774 2.8796 1.2190
-3.7040 2.9191 1.2783
-3.4969 3.0079 1.3307
-3.3652 3.2451 1.3346
-3.0045 3.0612 1.0612
-3.9766 2.9716 1.2035
-3.6716 2.7835 1.1524
-2.9990 3.2388 1.3114
-4.3654 3.1041 1.2840
-3.7061 2.9054 1.1582
-3.3690 3.2397 1.2652
-3.4960 2.9577 1.1095
-3.1047 3.0621 1.1186
-3.0083 3.2121 1.3387
-3.2244 3.4264 1.2251
-3.6702 3.0000 1.2206
-4.0875 3.5643 1.2866
-3.5643 2.3025 1.1603
-3.3152 2.7310 1.2232
-2.4702 2.9752 1.2180
-2.9420 2.6131 1.0900
-3.6275 2.9430 1.3045
-3.4808 3.4141 1.1718
-2.8376 3.0723 1.2222
-3.6315 2.7459 1.3332
-2.8671 2.8630 1.2448
-3.6000 3.7285 1.0637
-3.8514 2.8747 1.3269
-3.2534 2.5449 1.2047
-3.7522 2.2187 1.1347
-4.0782 2.6710 1.2697
-2.3966 2.8005 1.1571
-3.0722 3.2138 1.3191
-3.1944 2.5863 1.1156
-3.6102 3.2070 1.2137
-3.7056 3.1353 1.2036
-3.8581 2.9274 1.1976
-3.2310 3.3937 1.0775
-3.3940 3.1417 1.2392
-2.9333 3.0599 1.0554
-3.3156 3.3003 1.1360
-4.2900 3.1903 1.2794
-3.3877 2.5532 1.1555
-3.8415 3.5662 1.1234
-3.3967 2.8056 1.0895
-2.5928 3.5872 1.3141
-2.7603 2.9361 1.3292
-3.1786 3.4885 1.3282
-4.0587 2.7637 1.2739
-3.2638 2.4438 1.2729
-3.3018 2.7462 1.1583
-3.0032 3.1683 1.0951
-3.5865 3.7078 1.1606
-3.1249 3.4575 1.2452
-3.7200 3.1702 1.2448
-3.7652 2.8543 1.1778
-3.7143 3.7205 1.1168
-2.7709 2.8074 1.0592
-3.5634 2.8848 1.2532
-3.4162 3.1314 1.3060
-3.5417 2.4750 1.1177
-3.1787 2.5347 1.3470
-3.4232 3.7053 1.1199
-2.5378 2.5562 1.2267
-3.0027 2.5978 1.2316
-2.6697 3.2338 1.0929
-3.5787 3.7622 1.0524
-3.7864 2.7650 1.0853
-2.8601 3.1629 1.1554
-4.3049 2.3638 1.2955
-3.4638 3.0825 1.2326
-3.5159 2.2101 1.0657
-3.7073 3.7091 1.2514
-4.0573 3.0279 1.0540
-2.8442 2.8867 1.3120
-3.4027 3.6633 1.1863
-4.1245 2.9654 1.3115
-3.4149 3.0065 1.2595
-4.1076 3.5052 1.0651
-3.8103 2.6183 1.3204
-3.4476 3.4509 1.1522
-3.5839 3.3159 1.1501
-3.3823 3.0499 1.2379
-2.8919 3.4053 1.2876
-3.7707 2.3097 1.2147
-4.1221 3.1030 1.2627
-3.4605 3.0182 1.3068
-3.5427 2.5247 1.2364
-3.4666 2.9215 1.1233
-2.6947 2.7240 1.1881
-3.5173 2.1420 1.1365
-3.3275 2.5887 1.1125
-3.6200 2.5739 1.1278
-3.9100 3.4921 1.3144
-2.4270 3.7833 1.3013
-3.9180 2.7526 1.0837
-3.0841 3.0621 1.2318
-3.7500 3.4163 1.3139
-3.3918 3.3133 1.1085
-3.6914 3.0984 1.2675
-3.1285 2.4762 1.2834
-3.0294 2.4922 1.1087
-2.7101 2.4523 1.2377
-2.8001 2.4288 1.2793
-3.7660 2.7188 1.1802
-4.0737 2.8422 1.1212
-3.5244 3.8327 1.1865
-3.4883 2.7094 1.0999
-2.9509 3.3356 1.3140
-2.8231 3.2402 1.0929
-3.8013 3.4364 1.2846
-3.9408 3.4404 1.2289
-3.2590 3.0278 1.0585
-3.2297 2.6433 1.3294
-4.0576 2.5939 1.1167
-2.8640 3.0236 1.0733
-2.8210 2.8050 1.2753
-2.8288 3.3409 1.3042
-3.2114 2.3729 1.2685
-4.1613 3.5772 1.1873
-3.5907 2.8211 1.2897
-3.1266 3.2691 1.1295
-2.9962 3.3171 1.2836
-3.6259 3.5422 1.2627
-3.0970 2.5762 1.2640
-3.4606 3.3749 1.2757
-3.3420 3.5385 1.1963
-2.6881 3.0075 1.1373
-3.1855 3.7550 1.1688
-3.5002 3.0031 1.0994
-3.6367 3.2489 1.1796
-3.5176 3.1209 1.0679
-3.1728 3.7062 1.1288
-3.2179 2.8166 1.3103
-3.7470 3.2095 1.1209
-3.7402 3.6892 1.1879
-2.8463 3.0604 1.0960
-3.8245 3.0969 1.1874
-3.1368 2.2082 1.1171
-3.2957 3.7104 1.3453
-2.7050 3.1659 1.1751
-3.1731 3.7609 1.2244
-3.4361 3.5690 1.2503
-3.8712 3.4145 1.0905
-3.5016 2.8143 1.3036
-3.1507 2.8652 1.2650
-3.8762 3.0792 1.1853
-2.8108 3.6315 1.1596
-3.1050 2.6605 1.1637
-3.4370 3.7601 1.0592
-3.0171 3.6110 1.1017
-4.0132 2.3394 1.2745
-3.3683 3.4341 1.2761
-3.8241 2.5890 1.2483
-3.4076 2.0516 1.0504
-3.0902 3.3337 1.1530
-2.4975 3.3719 1.2035
-2.6523 2.4194 1.0623
-3.2806 3.5910 1.2981
-2.8747 3.2975 1.2015
-3.8800 3.4930 1.0649
-3.7795 3.1784 1.0875
-3.7982 3.4573 1.1992
-3.3752 3.2388 1.2338
-2.8440 2.7725 1.2372
-3.0657 3.0518 1.2360
-3.6241 2.6240 1.1091
-3.1411 2.4981 1.3377
-3.1315 3.3078 1.1959
-3.7645 2.5955 1.2262
-2.9624 3.1039 1.1274
-3.3104 2.1689 1.2837
-3.7325 2.8616 1.2213
-4.1776 3.4435 1.0562
-2.8670 3.0291 1.3359
-3.2785 2.9088 1.2462
-3.1877 2.9483 1.1715
-3.9908 3.4859 1.1288
-3.6842 3.0058 1.0703
-3.4867 3.1585 1.2838
-3.2318 2.6234 1.0999
-2.8203 2.0768 1.1593
-3.3070 2.7208 1.1390
-2.9910 2.7222 1.2967
-3.2096 3.1687 1.0663
-2.9642 3.9694 1.2767
-3.7813 2.2609 1.2786
-3.4876 3.7009 1.1591
-3.2628 2.7563 1.1720
-3.9136 3.6641 1.2975
-3.5655 3.6977 1.1106
-2.7801 3.1075 1.0947
-3.0447 3.3105 1.1159
-2.7417 3.0413 1.1334
-3.9590 2.3255 1.2371
-3.3879 3.5796 1.2422
-3.3344 3.1248 1.0525
-2.8001 2.7404 1.1633
-3.1757 3.4776 1.1907
-3.5584 2.9457 1.2299
-3.6840 2.9782 1.1001
-3.6179 2.7315 1.1783
-3.6051 2.8852 1.2274
-3.6060 3.0832 1.2557
-3.8954 2.2834 1.1274
-3.7564 3.1152 1.0830
-3.6094 3.4793 1.2260
-2.9156 2.6501 1.1422
-3.7339 3.2358 1.3199
-4.3887 2.7741 1.2094
-3.2255 2.7732 1.1342
-3.1095 2.6551 1.1126
-3.1519 3.3213 1.1020
-3.2846 2.6343 1.0782
-3.1957 2.9024 1.1739
-3.3385 2.6203 1.2072
-3.8039 3.0758 1.2675
-3.9434 3.0863 1.2140
-3.3199 3.3849 1.2961
-3.6235 3.1280 1.1365
